
Project:     150917_paju_1
Program:     Waypoint ToolBox BETA Version 1.00.2506
Profile:     Extended Geographic (HMS)
Source:      GPS Epochs(Forward)

Datum:       WGS84
Remote:      Antenna height 0.000 m, to L1-PC (Generic)
SD/Covariance Scaling Settings:
  Position: No scaling (1-sigma)
  Velocity: No scaling (1-sigma)
  Increase SD on kinematic float: No

        GPSTime       Date         Latitude        Longitude        H-Ell      SDHoriz     SDHeight     VEast    VNorth       VUp Sol       Roll      Pitch    Heading
          (HMS)      (MDY)       (+/-D M S)       (+/-D M S)          (m)          (m)          (m)     (m/s)     (m/s)     (m/s)          (Deg)      (Deg)      (Deg)
 8:24:29.000000  9/17/2015   37 39 38.41317  126 43 00.58528       38.983        0.929        1.135     0.000     0.000     0.000 52     0.00000    0.00000    0.00000
 8:24:30.000000  9/17/2015   37 39 38.41321  126 43 00.58531       38.985        0.929        1.135     0.000     0.000     0.000 52     0.00000    0.00000    0.00000
 8:24:31.000000  9/17/2015   37 39 38.41312  126 43 00.58548       38.988        0.908        1.126     0.000     0.000     0.000 52     0.00000    0.00000    0.00000
 8:24:32.000000  9/17/2015   37 39 38.41301  126 43 00.58568       38.991        0.919        1.130     0.000     0.000     0.000 52     0.00000    0.00000    0.00000
 8:24:33.000000  9/17/2015   37 39 38.41304  126 43 00.58555       38.992        0.910        1.125     0.000     0.000     0.000 52     0.00000    0.00000    0.00000
 8:24:34.000000  9/17/2015   37 39 38.41308  126 43 00.58552       38.993        0.945        1.139     0.000     0.000     0.000 52     0.00000    0.00000    0.00000
 8:24:35.000000  9/17/2015   37 39 38.41312  126 43 00.58548       38.994        0.913        1.125     0.000     0.000     0.000 52     0.00000    0.00000    0.00000
 8:24:36.000000  9/17/2015   37 39 38.41315  126 43 00.58545       38.995        0.934        1.134     0.000     0.000     0.000 52     0.00000    0.00000    0.00000
 8:24:37.000000  9/17/2015   37 39 38.41068  126 43 00.58729       39.132        0.913        1.125     0.000     0.000     0.000 52     0.00000    0.00000    0.00000
 8:24:38.000000  9/17/2015   37 39 38.41066  126 43 00.58727       39.133        0.924        1.129     0.000     0.000     0.000 52     0.00000    0.00000    0.00000
 8:24:39.000000  9/17/2015   37 39 38.41062  126 43 00.58730       39.133        0.899        1.087     0.000     0.000     0.000 52     0.00000    0.00000    0.00000
 8:24:40.000000  9/17/2015   37 39 38.41052  126 43 00.58749       39.136        0.865        1.073     0.000     0.000     0.000 52     0.00000    0.00000    0.00000
 8:24:41.000000  9/17/2015   37 39 38.41052  126 43 00.58738       39.136        0.889        1.082     0.000     0.000     0.000 52     0.00000    0.00000    0.00000
 8:24:42.000000  9/17/2015   37 39 38.41040  126 43 00.58754       39.139        0.891        1.082     0.000     0.000     0.000 52     0.00000    0.00000    0.00000
 8:24:43.000000  9/17/2015   37 39 38.41036  126 43 00.58750       39.141        0.868        1.073     0.000     0.000     0.000 52     0.00000    0.00000    0.00000
 8:24:44.000000  9/17/2015   37 39 38.41037  126 43 00.58751       39.142        0.871        1.073     0.000     0.000     0.000 52     0.00000    0.00000    0.00000
 8:24:45.000000  9/17/2015   37 39 38.41031  126 43 00.58749       39.143        0.871        1.073     0.000     0.000     0.000 52     0.00000    0.00000    0.00000
 8:24:46.000000  9/17/2015   37 39 38.41027  126 43 00.58748       39.143        0.872        1.073     0.000     0.000     0.000 52     0.00000    0.00000    0.00000
 8:24:47.000000  9/17/2015   37 39 38.41022  126 43 00.58746       39.144        0.872        1.073     0.000     0.000     0.000 52     0.00000    0.00000    0.00000
 8:24:48.000000  9/17/2015   37 39 38.41006  126 43 00.58761       39.147        0.872        1.073     0.000     0.000     0.000 52     0.00000    0.00000    0.00000
 8:24:49.000000  9/17/2015   37 39 38.40999  126 43 00.58751       39.147        0.873        1.073     0.000     0.000     0.000 52     0.00000    0.00000    0.00000
 8:24:50.000000  9/17/2015   37 39 38.40997  126 43 00.58749       39.147        0.875        1.073     0.000     0.000     0.000 52     0.00000    0.00000    0.00000
 8:24:51.000000  9/17/2015   37 39 38.40996  126 43 00.58752       39.149        0.875        1.073     0.000     0.000     0.000 52     0.00000    0.00000    0.00000
 8:24:52.000000  9/17/2015   37 39 38.40982  126 43 00.58762       39.152        0.876        1.073     0.000     0.000     0.000 52     0.00000    0.00000    0.00000
 8:24:53.000000  9/17/2015   37 39 38.40980  126 43 00.58761       39.152        0.876        1.073     0.000     0.000     0.000 52     0.00000    0.00000    0.00000
 8:24:54.000000  9/17/2015   37 39 38.40975  126 43 00.58754       39.154        0.879        1.073     0.000     0.000     0.000 52     0.00000    0.00000    0.00000
 8:24:55.000000  9/17/2015   37 39 38.40970  126 43 00.58753       39.154        0.879        1.073     0.000     0.000     0.000 52     0.00000    0.00000    0.00000
 8:24:56.000000  9/17/2015   37 39 38.40966  126 43 00.58751       39.154        0.879        1.073     0.000     0.000     0.000 52     0.00000    0.00000    0.00000
 8:24:57.000000  9/17/2015   37 39 38.40960  126 43 00.58760       39.154        0.879        1.073     0.000     0.000     0.000 52     0.00000    0.00000    0.00000
 8:24:58.000000  9/17/2015   37 39 38.40957  126 43 00.58764       39.155        0.880        1.072     0.000     0.000     0.000 52     0.00000    0.00000    0.00000
 8:24:59.000000  9/17/2015   37 39 38.40954  126 43 00.58762       39.156        0.880        1.072     0.000     0.000     0.000 52     0.00000    0.00000    0.00000
 8:25:00.000000  9/17/2015   37 39 38.40949  126 43 00.58763       39.157        0.881        1.072     0.000     0.000     0.000 52     0.00000    0.00000    0.00000
 8:25:01.000000  9/17/2015   37 39 38.40946  126 43 00.58762       39.158        0.881        1.072     0.000     0.000     0.000 52     0.00000    0.00000    0.00000
 8:25:02.000000  9/17/2015   37 39 38.40935  126 43 00.58754       39.161        0.881        1.072     0.000     0.000     0.000 52     0.00000    0.00000    0.00000
 8:25:03.000000  9/17/2015   37 39 38.40931  126 43 00.58758       39.161        0.882        1.072     0.000     0.000     0.000 52     0.00000    0.00000    0.00000
 8:25:04.000000  9/17/2015   37 39 38.40926  126 43 00.58759       39.163        0.884        1.072     0.000     0.000     0.000 52     0.00000    0.00000    0.00000
 8:25:05.000000  9/17/2015   37 39 38.40914  126 43 00.58761       39.164        0.884        1.072     0.000     0.000     0.000 52     0.00000    0.00000    0.00000
 8:25:06.000000  9/17/2015   37 39 38.40901  126 43 00.58752       39.167        0.885        1.072     0.000     0.000     0.000 52     0.00000    0.00000    0.00000
 8:25:07.000000  9/17/2015   37 39 38.40748  126 43 00.58917       39.253        0.885        1.071     0.000     0.000     0.000 52     0.00000    0.00000    0.00000
 8:25:08.000000  9/17/2015   37 39 38.40745  126 43 00.58920       39.255        0.887        1.072     0.000     0.000     0.000 52     0.00000    0.00000    0.00000
 8:25:09.000000  9/17/2015   37 39 38.40753  126 43 00.58934       39.257        0.841        1.024     0.000     0.000     0.000 52     0.00000    0.00000    0.00000
 8:25:10.000000  9/17/2015   37 39 38.40754  126 43 00.58937       39.258        0.842        1.024     0.000     0.000     0.000 52     0.00000    0.00000    0.00000
 8:25:11.000000  9/17/2015   37 39 38.40752  126 43 00.58940       39.260        0.842        1.024     0.000     0.000     0.000 52     0.00000    0.00000    0.00000
 8:25:12.000000  9/17/2015   37 39 38.40748  126 43 00.58946       39.262        0.843        1.024     0.000     0.000     0.000 52     0.00000    0.00000    0.00000
 8:25:13.000000  9/17/2015   37 39 38.40745  126 43 00.58943       39.263        0.843        1.024     0.000     0.000     0.000 52     0.00000    0.00000    0.00000
 8:25:14.000000  9/17/2015   37 39 38.40736  126 43 00.58945       39.263        0.846        1.025     0.000     0.000     0.000 52     0.00000    0.00000    0.00000
 8:25:15.000000  9/17/2015   37 39 38.40733  126 43 00.58940       39.264        0.846        1.024     0.000     0.000     0.000 52     0.00000    0.00000    0.00000
 8:25:16.000000  9/17/2015   37 39 38.40731  126 43 00.58940       39.266        0.847        1.024     0.000     0.000     0.000 52     0.00000    0.00000    0.00000
 8:25:17.000000  9/17/2015   37 39 38.40729  126 43 00.58938       39.267        0.847        1.024     0.000     0.000     0.000 52     0.00000    0.00000    0.00000
 8:25:18.000000  9/17/2015   37 39 38.40732  126 43 00.58937       39.268        0.848        1.024     0.000     0.000     0.000 52     0.00000    0.00000    0.00000
 8:25:19.000000  9/17/2015   37 39 38.40731  126 43 00.58940       39.267        0.848        1.024     0.000     0.000     0.000 52     0.00000    0.00000    0.00000
 8:25:20.000000  9/17/2015   37 39 38.40735  126 43 00.58945       39.268        0.849        1.024     0.000     0.000     0.000 52     0.00000    0.00000    0.00000
 8:25:21.000000  9/17/2015   37 39 38.40736  126 43 00.58951       39.269        0.849        1.024     0.000     0.000     0.000 52     0.00000    0.00000    0.00000
 8:25:22.000000  9/17/2015   37 39 38.40746  126 43 00.58956       39.270        0.850        1.024     0.000     0.000     0.000 52     0.00000    0.00000    0.00000
 8:25:23.000000  9/17/2015   37 39 38.40740  126 43 00.58953       39.270        0.850        1.024     0.000     0.000     0.000 52     0.00000    0.00000    0.00000
 8:25:24.000000  9/17/2015   37 39 38.40738  126 43 00.58955       39.270        0.852        1.024     0.000     0.000     0.000 52     0.00000    0.00000    0.00000
 8:25:25.000000  9/17/2015   37 39 38.40739  126 43 00.58959       39.270        0.853        1.024     0.000     0.000     0.000 52     0.00000    0.00000    0.00000
 8:25:26.000000  9/17/2015   37 39 38.40741  126 43 00.58961       39.271        0.853        1.024     0.000     0.000     0.000 52     0.00000    0.00000    0.00000
 8:25:27.000000  9/17/2015   37 39 38.40742  126 43 00.58964       39.272        0.854        1.024     0.000     0.000     0.000 52     0.00000    0.00000    0.00000
 8:25:28.000000  9/17/2015   37 39 38.40743  126 43 00.58967       39.272        0.854        1.024     0.000     0.000     0.000 52     0.00000    0.00000    0.00000
 8:25:29.000000  9/17/2015   37 39 38.40745  126 43 00.58968       39.273        0.855        1.024     0.000     0.000     0.000 52     0.00000    0.00000    0.00000
 8:25:30.000000  9/17/2015   37 39 38.40747  126 43 00.58968       39.273        0.855        1.024     0.000     0.000     0.000 52     0.00000    0.00000    0.00000
 8:25:31.000000  9/17/2015   37 39 38.40750  126 43 00.58971       39.274        0.856        1.024     0.000     0.000     0.000 52     0.00000    0.00000    0.00000
 8:25:32.000000  9/17/2015   37 39 38.40788  126 43 00.58979       39.275        0.856        1.024     0.000     0.000     0.000 52     0.00000    0.00000    0.00000
 8:25:33.000000  9/17/2015   37 39 38.40782  126 43 00.58982       39.275        0.857        1.024     0.000     0.000     0.000 52     0.00000    0.00000    0.00000
 8:25:34.000000  9/17/2015   37 39 38.40776  126 43 00.58985       39.275        0.859        1.024     0.000     0.000     0.000 52     0.00000    0.00000    0.00000
 8:25:35.000000  9/17/2015   37 39 38.40777  126 43 00.58989       39.276        0.859        1.024     0.000     0.000     0.000 52     0.00000    0.00000    0.00000
 8:25:36.000000  9/17/2015   37 39 38.40778  126 43 00.58999       39.276        0.860        1.024     0.000     0.000     0.000 52     0.00000    0.00000    0.00000
 8:25:37.000000  9/17/2015   37 39 38.40691  126 43 00.59158       39.324        0.860        1.024     0.000     0.000     0.000 52     0.00000    0.00000    0.00000
 8:25:38.000000  9/17/2015   37 39 38.40690  126 43 00.59156       39.325        0.861        1.024     0.000     0.000     0.000 52     0.00000    0.00000    0.00000
 8:25:39.000000  9/17/2015   37 39 38.40691  126 43 00.59157       39.325        0.819        0.981     0.000     0.000     0.000 52     0.00000    0.00000    0.00000
 8:25:40.000000  9/17/2015   37 39 38.40689  126 43 00.59156       39.325        0.820        0.981     0.000     0.000     0.000 52     0.00000    0.00000    0.00000
 8:25:41.000000  9/17/2015   37 39 38.40693  126 43 00.59161       39.325        0.820        0.981     0.000     0.000     0.000 52     0.00000    0.00000    0.00000
 8:25:42.000000  9/17/2015   37 39 38.40709  126 43 00.59155       39.325        0.821        0.981     0.000     0.000     0.000 52     0.00000    0.00000    0.00000
 8:25:43.000000  9/17/2015   37 39 38.40704  126 43 00.59154       39.326        0.822        0.981     0.000     0.000     0.000 52     0.00000    0.00000    0.00000
 8:25:44.000000  9/17/2015   37 39 38.40692  126 43 00.59150       39.325        0.824        0.982     0.000     0.000     0.000 52     0.00000    0.00000    0.00000
 8:25:45.000000  9/17/2015   37 39 38.40690  126 43 00.59156       39.325        0.824        0.982     0.000     0.000     0.000 52     0.00000    0.00000    0.00000
 8:25:46.000000  9/17/2015   37 39 38.40705  126 43 00.59139       39.325        0.825        0.982     0.000     0.000     0.000 52     0.00000    0.00000    0.00000
 8:25:47.000000  9/17/2015   37 39 38.40722  126 43 00.59119       39.325        0.826        0.982     0.000     0.000     0.000 52     0.00000    0.00000    0.00000
 8:25:48.000000  9/17/2015   37 39 38.40716  126 43 00.59141       39.325        0.828        0.983     0.000     0.000     0.000 52     0.00000    0.00000    0.00000
 8:25:49.000000  9/17/2015   37 39 38.40738  126 43 00.59120       39.325        0.831        0.983     0.000     0.000     0.000 52     0.00000    0.00000    0.00000
 8:25:50.000000  9/17/2015   37 39 38.40719  126 43 00.59144       39.325        0.831        0.983     0.000     0.000     0.000 52     0.00000    0.00000    0.00000
 8:25:51.000000  9/17/2015   37 39 38.40695  126 43 00.59142       39.326        0.835        0.984     0.000     0.000     0.000 52     0.00000    0.00000    0.00000
 8:25:52.000000  9/17/2015   37 39 38.40712  126 43 00.59120       39.326        0.835        0.984     0.000     0.000     0.000 52     0.00000    0.00000    0.00000
 8:25:53.000000  9/17/2015   37 39 38.40698  126 43 00.59143       39.327        0.835        0.984     0.000     0.000     0.000 52     0.00000    0.00000    0.00000
 8:25:54.000000  9/17/2015   37 39 38.40683  126 43 00.59156       39.327        0.838        0.985     0.000     0.000     0.000 52     0.00000    0.00000    0.00000
 8:25:55.000000  9/17/2015   37 39 38.40667  126 43 00.59164       39.328        0.838        0.985     0.000     0.000     0.000 52     0.00000    0.00000    0.00000
 8:25:56.000000  9/17/2015   37 39 38.40658  126 43 00.59172       39.328        0.838        0.985     0.000     0.000     0.000 52     0.00000    0.00000    0.00000
 8:25:57.000000  9/17/2015   37 39 38.40651  126 43 00.59177       39.330        0.838        0.985     0.000     0.000     0.000 52     0.00000    0.00000    0.00000
 8:25:58.000000  9/17/2015   37 39 38.40643  126 43 00.59183       39.329        0.839        0.985     0.000     0.000     0.000 52     0.00000    0.00000    0.00000
 8:25:59.000000  9/17/2015   37 39 38.40635  126 43 00.59190       39.330        0.839        0.985     0.000     0.000     0.000 52     0.00000    0.00000    0.00000
 8:26:00.000000  9/17/2015   37 39 38.40629  126 43 00.59193       39.332        0.839        0.984     0.000     0.000     0.000 52     0.00000    0.00000    0.00000
 8:26:01.000000  9/17/2015   37 39 38.40630  126 43 00.59202       39.333        0.840        0.984     0.000     0.000     0.000 52     0.00000    0.00000    0.00000
 8:26:02.000000  9/17/2015   37 39 38.40637  126 43 00.59168       39.334        0.840        0.984     0.000     0.000     0.000 52     0.00000    0.00000    0.00000
 8:26:03.000000  9/17/2015   37 39 38.40635  126 43 00.59185       39.333        0.841        0.984     0.000     0.000     0.000 52     0.00000    0.00000    0.00000
 8:26:04.000000  9/17/2015   37 39 38.40629  126 43 00.59193       39.334        0.843        0.985     0.000     0.000     0.000 52     0.00000    0.00000    0.00000
 8:26:05.000000  9/17/2015   37 39 38.40631  126 43 00.59200       39.333        0.844        0.985     0.000     0.000     0.000 52     0.00000    0.00000    0.00000
 8:26:06.000000  9/17/2015   37 39 38.40634  126 43 00.59212       39.331        0.844        0.985     0.000     0.000     0.000 52     0.00000    0.00000    0.00000
 8:26:07.000000  9/17/2015   37 39 38.40580  126 43 00.59277       39.335        0.845        0.985     0.000     0.000     0.000 52     0.00000    0.00000    0.00000
 8:26:08.000000  9/17/2015   37 39 38.40596  126 43 00.59255       39.336        0.845        0.985     0.000     0.000     0.000 52     0.00000    0.00000    0.00000
 8:26:09.000000  9/17/2015   37 39 38.40614  126 43 00.59233       39.337        0.817        0.952     0.000     0.000     0.000 52     0.00000    0.00000    0.00000
 8:26:10.000000  9/17/2015   37 39 38.40599  126 43 00.59243       39.338        0.807        0.947     0.000     0.000     0.000 52     0.00000    0.00000    0.00000
 8:26:11.000000  9/17/2015   37 39 38.40589  126 43 00.59249       39.339        0.810        0.948     0.000     0.000     0.000 52     0.00000    0.00000    0.00000
 8:26:12.000000  9/17/2015   37 39 38.40605  126 43 00.59236       39.340        0.810        0.948     0.000     0.000     0.000 52     0.00000    0.00000    0.00000
 8:26:13.000000  9/17/2015   37 39 38.40623  126 43 00.59222       39.341        0.811        0.948     0.000     0.000     0.000 52     0.00000    0.00000    0.00000
 8:26:14.000000  9/17/2015   37 39 38.40607  126 43 00.59234       39.341        0.814        0.949     0.000     0.000     0.000 52     0.00000    0.00000    0.00000
 8:26:15.000000  9/17/2015   37 39 38.40595  126 43 00.59226       39.342        0.817        0.950     0.000     0.000     0.000 52     0.00000    0.00000    0.00000
 8:26:16.000000  9/17/2015   37 39 38.40583  126 43 00.59230       39.343        0.817        0.950     0.000     0.000     0.000 52     0.00000    0.00000    0.00000
 8:26:17.000000  9/17/2015   37 39 38.40579  126 43 00.59235       39.343        0.817        0.950     0.000     0.000     0.000 52     0.00000    0.00000    0.00000
 8:26:18.000000  9/17/2015   37 39 38.40577  126 43 00.59242       39.344        0.818        0.950     0.000     0.000     0.000 52     0.00000    0.00000    0.00000
 8:26:19.000000  9/17/2015   37 39 38.40575  126 43 00.59247       39.345        0.818        0.950     0.000     0.000     0.000 52     0.00000    0.00000    0.00000
 8:26:20.000000  9/17/2015   37 39 38.40564  126 43 00.59240       39.347        0.818        0.950     0.000     0.000     0.000 52     0.00000    0.00000    0.00000
 8:26:21.000000  9/17/2015   37 39 38.40565  126 43 00.59246       39.346        0.819        0.950     0.000     0.000     0.000 52     0.00000    0.00000    0.00000
 8:26:22.000000  9/17/2015   37 39 38.40581  126 43 00.59233       39.348        0.819        0.950     0.000     0.000     0.000 52     0.00000    0.00000    0.00000
 8:26:23.000000  9/17/2015   37 39 38.40575  126 43 00.59249       39.348        0.820        0.950     0.000     0.000     0.000 52     0.00000    0.00000    0.00000
 8:26:24.000000  9/17/2015   37 39 38.40576  126 43 00.59255       39.348        0.822        0.951     0.000     0.000     0.000 52     0.00000    0.00000    0.00000
 8:26:25.000000  9/17/2015   37 39 38.40575  126 43 00.59263       39.346        0.823        0.951     0.000     0.000     0.000 52     0.00000    0.00000    0.00000
 8:26:26.000000  9/17/2015   37 39 38.40572  126 43 00.59259       39.345        0.823        0.951     0.000     0.000     0.000 52     0.00000    0.00000    0.00000
 8:26:27.000000  9/17/2015   37 39 38.40569  126 43 00.59258       39.346        0.824        0.951     0.000     0.000     0.000 52     0.00000    0.00000    0.00000
 8:26:28.000000  9/17/2015   37 39 38.40569  126 43 00.59264       39.346        0.824        0.951     0.000     0.000     0.000 52     0.00000    0.00000    0.00000
 8:26:29.000000  9/17/2015   37 39 38.40566  126 43 00.59262       39.346        0.825        0.951     0.000     0.000     0.000 52     0.00000    0.00000    0.00000
 8:26:30.000000  9/17/2015   37 39 38.40564  126 43 00.59267       39.346        0.826        0.951     0.000     0.000     0.000 52     0.00000    0.00000    0.00000
 8:26:31.000000  9/17/2015   37 39 38.40566  126 43 00.59268       39.345        0.826        0.951     0.000     0.000     0.000 52     0.00000    0.00000    0.00000
 8:26:32.000000  9/17/2015   37 39 38.40565  126 43 00.59256       39.345        0.827        0.951     0.000     0.000     0.000 52     0.00000    0.00000    0.00000
 8:26:33.000000  9/17/2015   37 39 38.40569  126 43 00.59260       39.344        0.827        0.951     0.000     0.000     0.000 52     0.00000    0.00000    0.00000
 8:26:34.000000  9/17/2015   37 39 38.40574  126 43 00.59265       39.343        0.829        0.952     0.000     0.000     0.000 52     0.00000    0.00000    0.00000
 8:26:35.000000  9/17/2015   37 39 38.40578  126 43 00.59270       39.342        0.830        0.952     0.000     0.000     0.000 52     0.00000    0.00000    0.00000
 8:26:36.000000  9/17/2015   37 39 38.40582  126 43 00.59274       39.342        0.831        0.952     0.000     0.000     0.000 52     0.00000    0.00000    0.00000
 8:26:37.000000  9/17/2015   37 39 38.40586  126 43 00.59376       39.313        0.831        0.952     0.000     0.000     0.000 52     0.00000    0.00000    0.00000
 8:26:38.000000  9/17/2015   37 39 38.40587  126 43 00.59375       39.312        0.832        0.952     0.000     0.000     0.000 52     0.00000    0.00000    0.00000
 8:26:39.000000  9/17/2015   37 39 38.40591  126 43 00.59378       39.311        0.792        0.916     0.000     0.000     0.000 52     0.00000    0.00000    0.00000
 8:26:40.000000  9/17/2015   37 39 38.40594  126 43 00.59379       39.310        0.793        0.916     0.000     0.000     0.000 52     0.00000    0.00000    0.00000
 8:26:41.000000  9/17/2015   37 39 38.40595  126 43 00.59380       39.309        0.793        0.916     0.000     0.000     0.000 52     0.00000    0.00000    0.00000
 8:26:42.000000  9/17/2015   37 39 38.40610  126 43 00.59379       39.308        0.794        0.916     0.000     0.000     0.000 52     0.00000    0.00000    0.00000
 8:26:43.000000  9/17/2015   37 39 38.40607  126 43 00.59381       39.307        0.795        0.916     0.000     0.000     0.000 52     0.00000    0.00000    0.00000
 8:26:44.000000  9/17/2015   37 39 38.40622  126 43 00.59383       39.306        0.797        0.917     0.000     0.000     0.000 52     0.00000    0.00000    0.00000
 8:26:45.000000  9/17/2015   37 39 38.40615  126 43 00.59382       39.305        0.798        0.917     0.000     0.000     0.000 52     0.00000    0.00000    0.00000
 8:26:46.000000  9/17/2015   37 39 38.40614  126 43 00.59382       39.305        0.800        0.918     0.000     0.000     0.000 52     0.00000    0.00000    0.00000
 8:26:47.000000  9/17/2015   37 39 38.40607  126 43 00.59382       39.306        0.801        0.918     0.000     0.000     0.000 52     0.00000    0.00000    0.00000
 8:26:48.000000  9/17/2015   37 39 38.40601  126 43 00.59382       39.307        0.801        0.918     0.000     0.000     0.000 52     0.00000    0.00000    0.00000
 8:26:49.000000  9/17/2015   37 39 38.40594  126 43 00.59378       39.307        0.802        0.918     0.000     0.000     0.000 52     0.00000    0.00000    0.00000
 8:26:50.000000  9/17/2015   37 39 38.40587  126 43 00.59377       39.307        0.802        0.918     0.000     0.000     0.000 52     0.00000    0.00000    0.00000
 8:26:51.000000  9/17/2015   37 39 38.40584  126 43 00.59378       39.306        0.803        0.918     0.000     0.000     0.000 52     0.00000    0.00000    0.00000
 8:26:52.000000  9/17/2015   37 39 38.40856  126 43 00.58894       39.299        0.804        0.918     0.000     0.000     0.000 52     0.00000    0.00000    0.00000
 8:26:53.000000  9/17/2015   37 39 38.42776  126 43 00.55599       39.268        0.804        0.918     0.000     0.000     0.000 52     0.00000    0.00000    0.00000
 8:26:54.000000  9/17/2015   37 39 38.47172  126 43 00.47619       39.209        0.807        0.919     0.000     0.000     0.000 52     0.00000    0.00000    0.00000
 8:26:55.000000  9/17/2015   37 39 38.54170  126 43 00.33752       39.178        0.796        0.897     0.000     0.000     0.000 52     0.00000    0.00000    0.00000
 8:26:56.000000  9/17/2015   37 39 38.63366  126 43 00.14504       39.127        0.741        0.858     0.000     0.000     0.000 52     0.00000    0.00000    0.00000
 8:26:57.000000  9/17/2015   37 39 38.74608  126 42 59.90625       39.117        0.743        0.844     0.000     0.000     0.000 52     0.00000    0.00000    0.00000
 8:26:58.000000  9/17/2015   37 39 38.88442  126 42 59.63293       39.072        0.693        0.809     0.000     0.000     0.000 52     0.00000    0.00000    0.00000
 8:26:59.000000  9/17/2015   37 39 39.05241  126 42 59.31603       39.042        0.717        0.806     0.000     0.000     0.000 52     0.00000    0.00000    0.00000
 8:27:00.000000  9/17/2015   37 39 39.24413  126 42 58.95621       38.988        0.686        0.782     0.000     0.000     0.000 52     0.00000    0.00000    0.00000
 8:27:01.000000  9/17/2015   37 39 39.45520  126 42 58.55294       38.924        0.647        0.762     0.000     0.000     0.000 52     0.00000    0.00000    0.00000
 8:27:02.000000  9/17/2015   37 39 39.68694  126 42 58.11039       38.766        0.687        0.776     0.000     0.000     0.000 52     0.00000    0.00000    0.00000
 8:27:03.000000  9/17/2015   37 39 39.94012  126 42 57.63583       38.669        0.635        0.752     0.000     0.000     0.000 52     0.00000    0.00000    0.00000
 8:27:04.000000  9/17/2015   37 39 40.21016  126 42 57.13552       38.576        0.629        0.748     0.000     0.000     0.000 52     0.00000    0.00000    0.00000
 8:27:05.000000  9/17/2015   37 39 40.49698  126 42 56.60903       38.470        0.626        0.746     0.000     0.000     0.000 52     0.00000    0.00000    0.00000
 8:27:06.000000  9/17/2015   37 39 40.79918  126 42 56.05443       38.362        0.621        0.743     0.000     0.000     0.000 52     0.00000    0.00000    0.00000
 8:27:07.000000  9/17/2015   37 39 41.11468  126 42 55.46616       38.333        0.617        0.742     0.000     0.000     0.000 52     0.00000    0.00000    0.00000
 8:27:08.000000  9/17/2015   37 39 41.43854  126 42 54.84716       38.260        0.662        0.762     0.000     0.000     0.000 52     0.00000    0.00000    0.00000
 8:27:09.000000  9/17/2015   37 39 41.77038  126 42 54.20433       38.197        0.613        0.742     0.000     0.000     0.000 52     0.00000    0.00000    0.00000
 8:27:10.000000  9/17/2015   37 39 42.10662  126 42 53.54222       38.186        0.611        0.742     0.000     0.000     0.000 52     0.00000    0.00000    0.00000
 8:27:11.000000  9/17/2015   37 39 42.44839  126 42 52.86434       38.183        0.657        0.764     0.000     0.000     0.000 52     0.00000    0.00000    0.00000
 8:27:12.000000  9/17/2015   37 39 42.79502  126 42 52.17537       38.175        0.609        0.746     0.000     0.000     0.000 52     0.00000    0.00000    0.00000
 8:27:13.000000  9/17/2015   37 39 43.14245  126 42 51.47930       38.216        0.655        0.767     0.000     0.000     0.000 52     0.00000    0.00000    0.00000
 8:27:14.000000  9/17/2015   37 39 43.48937  126 42 50.77697       38.143        0.607        0.750     0.000     0.000     0.000 52     0.00000    0.00000    0.00000
 8:27:15.000000  9/17/2015   37 39 43.83481  126 42 50.06778       38.032        0.609        0.754     0.000     0.000     0.000 52     0.00000    0.00000    0.00000
 8:27:16.000000  9/17/2015   37 39 44.17273  126 42 49.36186       37.983        0.592        0.727     0.000     0.000     0.000 52     0.00000    0.00000    0.00000
 8:27:17.000000  9/17/2015   37 39 44.50393  126 42 48.65128       38.052        0.606        0.708     0.000     0.000     0.000 52     0.00000    0.00000    0.00000
 8:27:18.000000  9/17/2015   37 39 44.83198  126 42 47.94070       38.087        0.577        0.676     0.000     0.000     0.000 52     0.00000    0.00000    0.00000
 8:27:19.000000  9/17/2015   37 39 45.15077  126 42 47.23749       38.122        0.578        0.680     0.000     0.000     0.000 52     0.00000    0.00000    0.00000
 8:27:20.000000  9/17/2015   37 39 45.46522  126 42 46.53460       38.167        0.596        0.691     0.000     0.000     0.000 52     0.00000    0.00000    0.00000
 8:27:21.000000  9/17/2015   37 39 45.77638  126 42 45.83318       38.245        0.583        0.689     0.000     0.000     0.000 52     0.00000    0.00000    0.00000
 8:27:22.000000  9/17/2015   37 39 46.08254  126 42 45.13095       38.281        0.585        0.693     0.000     0.000     0.000 53     0.00000    0.00000    0.00000
 8:27:23.000000  9/17/2015   37 39 46.39001  126 42 44.42327       38.332        0.620        0.713     0.000     0.000     0.000 53     0.00000    0.00000    0.00000
 8:27:24.000000  9/17/2015   37 39 46.69908  126 42 43.70557       38.294        0.580        0.693     0.000     0.000     0.000 52     0.00000    0.00000    0.00000
 8:27:25.000000  9/17/2015   37 39 47.01084  126 42 42.98369       37.959        0.594        0.702     0.000     0.000     0.000 52     0.00000    0.00000    0.00000
 8:27:26.000000  9/17/2015   37 39 47.31535  126 42 42.26850       37.742        0.622        0.707     0.000     0.000     0.000 52     0.00000    0.00000    0.00000
 8:27:27.000000  9/17/2015   37 39 47.61246  126 42 41.55709       37.588        0.646        0.704     0.000     0.000     0.000 52     0.00000    0.00000    0.00000
 8:27:28.000000  9/17/2015   37 39 47.90352  126 42 40.84674       37.566        0.609        0.675     0.000     0.000     0.000 52     0.00000    0.00000    0.00000
 8:27:29.000000  9/17/2015   37 39 48.19072  126 42 40.13332       37.553        0.626        0.671     0.000     0.000     0.000 52     0.00000    0.00000    0.00000
 8:27:30.000000  9/17/2015   37 39 48.47190  126 42 39.41912       37.522        0.560        0.638     0.000     0.000     0.000 52     0.00000    0.00000    0.00000
 8:27:31.000000  9/17/2015   37 39 48.75062  126 42 38.71296       37.399        0.622        0.661     0.000     0.000     0.000 52     0.00000    0.00000    0.00000
 8:27:32.000000  9/17/2015   37 39 49.02774  126 42 38.01021       37.262        0.633        0.668     0.000     0.000     0.000 52     0.00000    0.00000    0.00000
 8:27:33.000000  9/17/2015   37 39 49.30199  126 42 37.31247       37.153        0.634        0.667     0.000     0.000     0.000 52     0.00000    0.00000    0.00000
 8:27:34.000000  9/17/2015   37 39 49.57334  126 42 36.62040       37.126        0.581        0.641     0.000     0.000     0.000 52     0.00000    0.00000    0.00000
 8:27:35.000000  9/17/2015   37 39 49.84452  126 42 35.92905       36.924        0.588        0.645     0.000     0.000     0.000 52     0.00000    0.00000    0.00000
 8:27:36.000000  9/17/2015   37 39 50.10944  126 42 35.24769       36.860        0.623        0.669     0.000     0.000     0.000 52     0.00000    0.00000    0.00000
 8:27:37.000000  9/17/2015   37 39 50.37095  126 42 34.57014       36.955        0.619        0.664     0.000     0.000     0.000 53     0.00000    0.00000    0.00000
 8:27:38.000000  9/17/2015   37 39 50.63494  126 42 33.89618       37.002        0.595        0.656     0.000     0.000     0.000 53     0.00000    0.00000    0.00000
 8:27:39.000000  9/17/2015   37 39 50.89647  126 42 33.23006       37.025        0.563        0.638     0.000     0.000     0.000 53     0.00000    0.00000    0.00000
 8:27:40.000000  9/17/2015   37 39 51.15632  126 42 32.56746       37.088        0.581        0.648     0.000     0.000     0.000 53     0.00000    0.00000    0.00000
 8:27:41.000000  9/17/2015   37 39 51.41417  126 42 31.90618       37.095        0.581        0.659     0.000     0.000     0.000 53     0.00000    0.00000    0.00000
 8:27:42.000000  9/17/2015   37 39 51.67145  126 42 31.24593       37.131        0.617        0.684     0.000     0.000     0.000 53     0.00000    0.00000    0.00000
 8:27:43.000000  9/17/2015   37 39 51.92776  126 42 30.58766       37.126        0.599        0.681     0.000     0.000     0.000 53     0.00000    0.00000    0.00000
 8:27:44.000000  9/17/2015   37 39 52.18352  126 42 29.92976       37.152        0.650        0.714     0.000     0.000     0.000 53     0.00000    0.00000    0.00000
 8:27:45.000000  9/17/2015   37 39 52.44087  126 42 29.26939       37.120        0.605        0.704     0.000     0.000     0.000 53     0.00000    0.00000    0.00000
 8:27:46.000000  9/17/2015   37 39 52.69778  126 42 28.60573       37.123        0.636        0.723     0.000     0.000     0.000 53     0.00000    0.00000    0.00000
 8:27:47.000000  9/17/2015   37 39 52.95417  126 42 27.94349       37.125        0.672        0.749     0.000     0.000     0.000 53     0.00000    0.00000    0.00000
 8:27:48.000000  9/17/2015   37 39 53.20822  126 42 27.28871       37.093        0.631        0.742     0.000     0.000     0.000 53     0.00000    0.00000    0.00000
 8:27:49.000000  9/17/2015   37 39 53.46447  126 42 26.63537       37.111        0.644        0.756     0.000     0.000     0.000 53     0.00000    0.00000    0.00000
 8:27:50.000000  9/17/2015   37 39 53.71778  126 42 25.98888       37.072        0.654        0.769     0.000     0.000     0.000 53     0.00000    0.00000    0.00000
 8:27:51.000000  9/17/2015   37 39 53.96661  126 42 25.35370       37.031        0.666        0.784     0.000     0.000     0.000 52     0.00000    0.00000    0.00000
 8:27:52.000000  9/17/2015   37 39 54.21448  126 42 24.72065       36.976        0.683        0.798     0.000     0.000     0.000 52     0.00000    0.00000    0.00000
 8:27:53.000000  9/17/2015   37 39 54.45700  126 42 24.09684       36.952        0.699        0.810     0.000     0.000     0.000 52     0.00000    0.00000    0.00000
 8:27:54.000000  9/17/2015   37 39 54.69619  126 42 23.48310       36.933        0.716        0.822     0.000     0.000     0.000 52     0.00000    0.00000    0.00000
 8:27:55.000000  9/17/2015   37 39 54.93862  126 42 22.86745       36.889        0.730        0.835     0.000     0.000     0.000 52     0.00000    0.00000    0.00000
 8:27:56.000000  9/17/2015   37 39 55.18371  126 42 22.25279       36.852        0.737        0.847     0.000     0.000     0.000 52     0.00000    0.00000    0.00000
 8:27:57.000000  9/17/2015   37 39 55.42388  126 42 21.64096       36.812        0.739        0.860     0.000     0.000     0.000 52     0.00000    0.00000    0.00000
 8:27:58.000000  9/17/2015   37 39 55.65981  126 42 21.03450       36.753        0.740        0.873     0.000     0.000     0.000 52     0.00000    0.00000    0.00000
 8:27:59.000000  9/17/2015   37 39 55.89704  126 42 20.42677       36.706        0.743        0.885     0.000     0.000     0.000 52     0.00000    0.00000    0.00000
 8:28:00.000000  9/17/2015   37 39 56.13465  126 42 19.81496       36.622        0.738        0.898     0.000     0.000     0.000 52     0.00000    0.00000    0.00000
 8:28:01.000000  9/17/2015   37 39 56.37294  126 42 19.20045       36.599        0.737        0.910     0.000     0.000     0.000 52     0.00000    0.00000    0.00000
 8:28:02.000000  9/17/2015   37 39 56.61154  126 42 18.58349       36.525        0.742        0.924     0.000     0.000     0.000 52     0.00000    0.00000    0.00000
 8:28:03.000000  9/17/2015   37 39 56.85226  126 42 17.96415       36.496        0.739        0.936     0.000     0.000     0.000 52     0.00000    0.00000    0.00000
 8:28:04.000000  9/17/2015   37 39 57.09633  126 42 17.34193       36.445        0.740        0.950     0.000     0.000     0.000 52     0.00000    0.00000    0.00000
 8:28:05.000000  9/17/2015   37 39 57.33975  126 42 16.72022       36.377        0.751        0.965     0.000     0.000     0.000 52     0.00000    0.00000    0.00000
 8:28:06.000000  9/17/2015   37 39 57.57744  126 42 16.10560       36.309        0.751        0.980     0.000     0.000     0.000 52     0.00000    0.00000    0.00000
 8:28:07.000000  9/17/2015   37 39 57.81001  126 42 15.50134       36.230        0.779        1.005     0.000     0.000     0.000 52     0.00000    0.00000    0.00000
 8:28:08.000000  9/17/2015   37 39 58.03911  126 42 14.90696       36.193        0.763        1.011     0.000     0.000     0.000 52     0.00000    0.00000    0.00000
 8:28:09.000000  9/17/2015   37 39 58.26650  126 42 14.31882       36.121        0.765        1.027     0.000     0.000     0.000 52     0.00000    0.00000    0.00000
 8:28:10.000000  9/17/2015   37 39 58.49147  126 42 13.74227       36.046        0.768        1.042     0.000     0.000     0.000 52     0.00000    0.00000    0.00000
 8:28:11.000000  9/17/2015   37 39 58.71550  126 42 13.16863       35.981        0.776        1.058     0.000     0.000     0.000 52     0.00000    0.00000    0.00000
 8:28:12.000000  9/17/2015   37 39 58.93939  126 42 12.59302       35.937        0.806        1.083     0.000     0.000     0.000 52     0.00000    0.00000    0.00000
 8:28:13.000000  9/17/2015   37 39 59.16382  126 42 12.01578       35.870        0.784        1.090     0.000     0.000     0.000 52     0.00000    0.00000    0.00000
 8:28:14.000000  9/17/2015   37 39 59.39173  126 42 11.43657       35.778        0.792        1.106     0.000     0.000     0.000 52     0.00000    0.00000    0.00000
 8:28:15.000000  9/17/2015   37 39 59.61355  126 42 10.85049       35.776        0.798        1.123     0.000     0.000     0.000 53     0.00000    0.00000    0.00000
 8:28:16.000000  9/17/2015   37 39 59.83946  126 42 10.26335       35.777        0.803        1.139     0.000     0.000     0.000 53     0.00000    0.00000    0.00000
 8:28:17.000000  9/17/2015   37 40 00.06627  126 42 09.67377       35.686        0.817        1.143     0.000     0.000     0.000 53     0.00000    0.00000    0.00000
 8:28:18.000000  9/17/2015   37 40 00.29272  126 42 09.08642       35.663        0.798        1.119     0.000     0.000     0.000 53     0.00000    0.00000    0.00000
 8:28:19.000000  9/17/2015   37 40 00.51976  126 42 08.50678       35.635        0.802        1.106     0.000     0.000     0.000 53     0.00000    0.00000    0.00000
 8:28:20.000000  9/17/2015   37 40 00.74659  126 42 07.93169       35.557        0.791        1.099     0.000     0.000     0.000 53     0.00000    0.00000    0.00000
 8:28:21.000000  9/17/2015   37 40 00.97166  126 42 07.35874       35.568        0.793        1.096     0.000     0.000     0.000 53     0.00000    0.00000    0.00000
 8:28:22.000000  9/17/2015   37 40 01.19545  126 42 06.78636       35.525        0.793        1.094     0.000     0.000     0.000 53     0.00000    0.00000    0.00000
 8:28:23.000000  9/17/2015   37 40 01.41769  126 42 06.22393       35.517        0.796        1.095     0.000     0.000     0.000 53     0.00000    0.00000    0.00000
 8:28:24.000000  9/17/2015   37 40 01.63340  126 42 05.68217       35.522        0.803        1.099     0.000     0.000     0.000 53     0.00000    0.00000    0.00000
 8:28:25.000000  9/17/2015   37 40 01.85674  126 42 05.15354       34.851        0.807        1.102     0.000     0.000     0.000 52     0.00000    0.00000    0.00000
 8:28:26.000000  9/17/2015   37 40 02.07471  126 42 04.62492       34.366        0.824        1.122     0.000     0.000     0.000 52     0.00000    0.00000    0.00000
 8:28:27.000000  9/17/2015   37 40 02.29043  126 42 04.08789       34.116        0.765        1.008     0.000     0.000     0.000 52     0.00000    0.00000    0.00000
 8:28:28.000000  9/17/2015   37 40 02.50559  126 42 03.54034       33.900        0.703        0.898     0.000     0.000     0.000 52     0.00000    0.00000    0.00000
 8:28:29.000000  9/17/2015   37 40 02.72151  126 42 02.98181       33.719        0.671        0.835     0.000     0.000     0.000 52     0.00000    0.00000    0.00000
 8:28:30.000000  9/17/2015   37 40 02.94220  126 42 02.40998       33.554        0.652        0.791     0.000     0.000     0.000 52     0.00000    0.00000    0.00000
 8:28:31.000000  9/17/2015   37 40 03.15929  126 42 01.83993       33.678        0.643        0.759     0.000     0.000     0.000 52     0.00000    0.00000    0.00000
 8:28:32.000000  9/17/2015   37 40 03.37705  126 42 01.27018       33.800        0.638        0.732     0.000     0.000     0.000 52     0.00000    0.00000    0.00000
 8:28:33.000000  9/17/2015   37 40 03.59872  126 42 00.70006       33.940        0.643        0.723     0.000     0.000     0.000 52     0.00000    0.00000    0.00000
 8:28:34.000000  9/17/2015   37 40 03.82234  126 42 00.12978       34.030        0.645        0.714     0.000     0.000     0.000 52     0.00000    0.00000    0.00000
 8:28:35.000000  9/17/2015   37 40 04.04612  126 41 59.54840       34.209        0.642        0.705     0.000     0.000     0.000 52     0.00000    0.00000    0.00000
 8:28:36.000000  9/17/2015   37 40 04.27625  126 41 58.95181       34.420        0.641        0.698     0.000     0.000     0.000 52     0.00000    0.00000    0.00000
 8:28:37.000000  9/17/2015   37 40 04.51017  126 41 58.33773       34.583        0.618        0.677     0.000     0.000     0.000 52     0.00000    0.00000    0.00000
 8:28:38.000000  9/17/2015   37 40 04.74688  126 41 57.69678       34.668        0.590        0.651     0.000     0.000     0.000 52     0.00000    0.00000    0.00000
 8:28:39.000000  9/17/2015   37 40 04.98554  126 41 57.02779       34.794        0.577        0.635     0.000     0.000     0.000 52     0.00000    0.00000    0.00000
 8:28:40.000000  9/17/2015   37 40 05.22256  126 41 56.32821       34.924        0.553        0.612     0.000     0.000     0.000 52     0.00000    0.00000    0.00000
 8:28:41.000000  9/17/2015   37 40 05.47126  126 41 55.60279       34.933        0.531        0.590     0.000     0.000     0.000 52     0.00000    0.00000    0.00000
 8:28:42.000000  9/17/2015   37 40 05.73827  126 41 54.85603       35.052        0.519        0.576     0.000     0.000     0.000 52     0.00000    0.00000    0.00000
 8:28:43.000000  9/17/2015   37 40 06.02057  126 41 54.09603       35.164        0.505        0.560     0.000     0.000     0.000 52     0.00000    0.00000    0.00000
 8:28:44.000000  9/17/2015   37 40 06.31592  126 41 53.32788       35.281        0.491        0.545     0.000     0.000     0.000 52     0.00000    0.00000    0.00000
 8:28:45.000000  9/17/2015   37 40 06.62178  126 41 52.54826       35.389        0.483        0.535     0.000     0.000     0.000 52     0.00000    0.00000    0.00000
 8:28:46.000000  9/17/2015   37 40 06.93241  126 41 51.76013       35.501        0.475        0.524     0.000     0.000     0.000 52     0.00000    0.00000    0.00000
 8:28:47.000000  9/17/2015   37 40 07.24606  126 41 50.96440       35.571        0.464        0.512     0.000     0.000     0.000 52     0.00000    0.00000    0.00000
 8:28:48.000000  9/17/2015   37 40 07.56513  126 41 50.16064       35.647        0.457        0.504     0.000     0.000     0.000 52     0.00000    0.00000    0.00000
 8:28:49.000000  9/17/2015   37 40 07.88278  126 41 49.34930       35.680        0.452        0.495     0.000     0.000     0.000 52     0.00000    0.00000    0.00000
 8:28:50.000000  9/17/2015   37 40 08.19973  126 41 48.53191       35.700        0.443        0.486     0.000     0.000     0.000 52     0.00000    0.00000    0.00000
 8:28:51.000000  9/17/2015   37 40 08.52023  126 41 47.70586       35.730        0.437        0.479     0.000     0.000     0.000 52     0.00000    0.00000    0.00000
 8:28:52.000000  9/17/2015   37 40 08.84343  126 41 46.87134       35.761        0.434        0.472     0.000     0.000     0.000 52     0.00000    0.00000    0.00000
 8:28:53.000000  9/17/2015   37 40 09.17210  126 41 46.03247       35.728        0.427        0.465     0.000     0.000     0.000 52     0.00000    0.00000    0.00000
 8:28:54.000000  9/17/2015   37 40 09.50840  126 41 45.19362       35.687        0.422        0.458     0.000     0.000     0.000 52     0.00000    0.00000    0.00000
 8:28:55.000000  9/17/2015   37 40 09.85162  126 41 44.35342       35.658        0.420        0.454     0.000     0.000     0.000 52     0.00000    0.00000    0.00000
 8:28:56.000000  9/17/2015   37 40 10.20497  126 41 43.51313       35.631        0.414        0.447     0.000     0.000     0.000 52     0.00000    0.00000    0.00000
 8:28:57.000000  9/17/2015   37 40 10.56750  126 41 42.67527       35.548        0.409        0.442     0.000     0.000     0.000 52     0.00000    0.00000    0.00000
 8:28:58.000000  9/17/2015   37 40 10.92917  126 41 41.85013       35.509        0.407        0.438     0.000     0.000     0.000 52     0.00000    0.00000    0.00000
 8:28:59.000000  9/17/2015   37 40 11.29340  126 41 41.03244       35.390        0.402        0.433     0.000     0.000     0.000 52     0.00000    0.00000    0.00000
 8:29:00.000000  9/17/2015   37 40 11.66108  126 41 40.21500       35.332        0.397        0.428     0.000     0.000     0.000 52     0.00000    0.00000    0.00000
 8:29:01.000000  9/17/2015   37 40 12.03072  126 41 39.40085       35.205        0.398        0.428     0.000     0.000     0.000 52     0.00000    0.00000    0.00000
 8:29:02.000000  9/17/2015   37 40 12.40661  126 41 38.58999       35.165        0.396        0.425     0.000     0.000     0.000 52     0.00000    0.00000    0.00000
 8:29:03.000000  9/17/2015   37 40 12.78852  126 41 37.78365       35.035        0.393        0.422     0.000     0.000     0.000 52     0.00000    0.00000    0.00000
 8:29:04.000000  9/17/2015   37 40 13.17777  126 41 36.97954       34.964        0.394        0.423     0.000     0.000     0.000 52     0.00000    0.00000    0.00000
 8:29:05.000000  9/17/2015   37 40 13.57190  126 41 36.17619       34.859        0.393        0.420     0.000     0.000     0.000 52     0.00000    0.00000    0.00000
 8:29:06.000000  9/17/2015   37 40 13.97230  126 41 35.37486       34.763        0.391        0.418     0.000     0.000     0.000 52     0.00000    0.00000    0.00000
 8:29:07.000000  9/17/2015   37 40 14.38146  126 41 34.57437       34.714        0.393        0.420     0.000     0.000     0.000 52     0.00000    0.00000    0.00000
 8:29:08.000000  9/17/2015   37 40 14.79915  126 41 33.77291       34.582        0.423        0.434     0.000     0.000     0.000 52     0.00000    0.00000    0.00000
 8:29:09.000000  9/17/2015   37 40 15.22327  126 41 32.97301       34.471        0.428        0.438     0.000     0.000     0.000 52     0.00000    0.00000    0.00000
 8:29:10.000000  9/17/2015   37 40 15.65423  126 41 32.17470       34.439        0.486        0.465     0.000     0.000     0.000 52     0.00000    0.00000    0.00000
 8:29:11.000000  9/17/2015   37 40 16.09059  126 41 31.37660       34.413        0.492        0.468     0.000     0.000     0.000 52     0.00000    0.00000    0.00000
 8:29:12.000000  9/17/2015   37 40 16.53189  126 41 30.58153       34.395        0.513        0.483     0.000     0.000     0.000 52     0.00000    0.00000    0.00000
 8:29:13.000000  9/17/2015   37 40 16.96938  126 41 29.79853       34.376        0.458        0.457     0.000     0.000     0.000 53     0.00000    0.00000    0.00000
 8:29:14.000000  9/17/2015   37 40 17.41139  126 41 29.02368       34.359        0.448        0.454     0.000     0.000     0.000 53     0.00000    0.00000    0.00000
 8:29:15.000000  9/17/2015   37 40 17.86406  126 41 28.24834       34.398        0.460        0.459     0.000     0.000     0.000 52     0.00000    0.00000    0.00000
 8:29:16.000000  9/17/2015   37 40 18.32308  126 41 27.47327       34.437        0.465        0.461     0.000     0.000     0.000 52     0.00000    0.00000    0.00000
 8:29:17.000000  9/17/2015   37 40 18.78944  126 41 26.69949       34.518        0.484        0.468     0.000     0.000     0.000 52     0.00000    0.00000    0.00000
 8:29:18.000000  9/17/2015   37 40 19.26067  126 41 25.92437       34.548        0.494        0.477     0.000     0.000     0.000 52     0.00000    0.00000    0.00000
 8:29:19.000000  9/17/2015   37 40 19.73650  126 41 25.14950       34.659        0.506        0.485     0.000     0.000     0.000 52     0.00000    0.00000    0.00000
 8:29:20.000000  9/17/2015   37 40 20.21369  126 41 24.37565       34.721        0.524        0.494     0.000     0.000     0.000 52     0.00000    0.00000    0.00000
 8:29:21.000000  9/17/2015   37 40 20.69484  126 41 23.60459       34.789        0.543        0.503     0.000     0.000     0.000 52     0.00000    0.00000    0.00000
 8:29:22.000000  9/17/2015   37 40 21.18200  126 41 22.83747       34.838        0.568        0.513     0.000     0.000     0.000 52     0.00000    0.00000    0.00000
 8:29:23.000000  9/17/2015   37 40 21.67312  126 41 22.07290       34.890        0.596        0.523     0.000     0.000     0.000 52     0.00000    0.00000    0.00000
 8:29:24.000000  9/17/2015   37 40 22.16871  126 41 21.31355       34.984        0.628        0.533     0.000     0.000     0.000 52     0.00000    0.00000    0.00000
 8:29:25.000000  9/17/2015   37 40 22.66660  126 41 20.56479       35.073        0.657        0.544     0.000     0.000     0.000 52     0.00000    0.00000    0.00000
 8:29:26.000000  9/17/2015   37 40 23.16307  126 41 19.83365       35.145        0.682        0.555     0.000     0.000     0.000 52     0.00000    0.00000    0.00000
 8:29:27.000000  9/17/2015   37 40 23.65914  126 41 19.11663       35.207        0.696        0.566     0.000     0.000     0.000 52     0.00000    0.00000    0.00000
 8:29:28.000000  9/17/2015   37 40 24.15854  126 41 18.40537       35.272        0.701        0.577     0.000     0.000     0.000 52     0.00000    0.00000    0.00000
 8:29:29.000000  9/17/2015   37 40 24.66041  126 41 17.69555       35.290        0.710        0.589     0.000     0.000     0.000 52     0.00000    0.00000    0.00000
 8:29:30.000000  9/17/2015   37 40 25.16509  126 41 16.98742       35.375        0.697        0.589     0.000     0.000     0.000 52     0.00000    0.00000    0.00000
 8:29:31.000000  9/17/2015   37 40 25.67178  126 41 16.28436       35.428        0.665        0.579     0.000     0.000     0.000 52     0.00000    0.00000    0.00000
 8:29:32.000000  9/17/2015   37 40 26.18236  126 41 15.59029       35.450        0.650        0.570     0.000     0.000     0.000 52     0.00000    0.00000    0.00000
 8:29:33.000000  9/17/2015   37 40 26.69879  126 41 14.89958       35.443        0.630        0.563     0.000     0.000     0.000 52     0.00000    0.00000    0.00000
 8:29:34.000000  9/17/2015   37 40 27.21657  126 41 14.21312       35.487        0.589        0.545     0.000     0.000     0.000 52     0.00000    0.00000    0.00000
 8:29:35.000000  9/17/2015   37 40 27.73807  126 41 13.52974       35.496        0.560        0.529     0.000     0.000     0.000 52     0.00000    0.00000    0.00000
 8:29:36.000000  9/17/2015   37 40 28.26161  126 41 12.85271       35.470        0.546        0.519     0.000     0.000     0.000 52     0.00000    0.00000    0.00000
 8:29:37.000000  9/17/2015   37 40 28.78749  126 41 12.18184       35.459        0.525        0.507     0.000     0.000     0.000 52     0.00000    0.00000    0.00000
 8:29:38.000000  9/17/2015   37 40 29.31371  126 41 11.51722       35.461        0.511        0.498     0.000     0.000     0.000 52     0.00000    0.00000    0.00000
 8:29:39.000000  9/17/2015   37 40 29.84376  126 41 10.85725       35.445        0.503        0.492     0.000     0.000     0.000 52     0.00000    0.00000    0.00000
 8:29:40.000000  9/17/2015   37 40 30.37707  126 41 10.20361       35.500        0.492        0.485     0.000     0.000     0.000 52     0.00000    0.00000    0.00000
 8:29:41.000000  9/17/2015   37 40 30.91610  126 41 09.55142       35.554        0.483        0.478     0.000     0.000     0.000 52     0.00000    0.00000    0.00000
 8:29:42.000000  9/17/2015   37 40 31.45618  126 41 08.90540       35.584        0.476        0.472     0.000     0.000     0.000 53     0.00000    0.00000    0.00000
 8:29:43.000000  9/17/2015   37 40 31.99931  126 41 08.26748       35.572        0.480        0.478     0.000     0.000     0.000 53     0.00000    0.00000    0.00000
 8:29:44.000000  9/17/2015   37 40 32.54888  126 41 07.63557       35.576        0.487        0.485     0.000     0.000     0.000 53     0.00000    0.00000    0.00000
 8:29:45.000000  9/17/2015   37 40 33.10320  126 41 07.00877       35.568        0.488        0.487     0.000     0.000     0.000 53     0.00000    0.00000    0.00000
 8:29:46.000000  9/17/2015   37 40 33.65833  126 41 06.38237       35.581        0.488        0.491     0.000     0.000     0.000 53     0.00000    0.00000    0.00000
 8:29:47.000000  9/17/2015   37 40 34.21687  126 41 05.75720       35.577        0.495        0.492     0.000     0.000     0.000 53     0.00000    0.00000    0.00000
 8:29:48.000000  9/17/2015   37 40 34.77738  126 41 05.13297       35.567        0.491        0.492     0.000     0.000     0.000 53     0.00000    0.00000    0.00000
 8:29:49.000000  9/17/2015   37 40 35.33746  126 41 04.51449       35.553        0.489        0.494     0.000     0.000     0.000 53     0.00000    0.00000    0.00000
 8:29:50.000000  9/17/2015   37 40 35.89826  126 41 03.89693       35.440        0.490        0.494     0.000     0.000     0.000 52     0.00000    0.00000    0.00000
 8:29:51.000000  9/17/2015   37 40 36.45631  126 41 03.27730       35.337        0.502        0.496     0.000     0.000     0.000 52     0.00000    0.00000    0.00000
 8:29:52.000000  9/17/2015   37 40 37.00767  126 41 02.66499       35.239        0.515        0.500     0.000     0.000     0.000 52     0.00000    0.00000    0.00000
 8:29:53.000000  9/17/2015   37 40 37.55335  126 41 02.05652       35.170        0.513        0.498     0.000     0.000     0.000 52     0.00000    0.00000    0.00000
 8:29:54.000000  9/17/2015   37 40 38.09261  126 41 01.46052       35.021        0.507        0.494     0.000     0.000     0.000 52     0.00000    0.00000    0.00000
 8:29:55.000000  9/17/2015   37 40 38.62688  126 41 00.87428       34.916        0.503        0.493     0.000     0.000     0.000 52     0.00000    0.00000    0.00000
 8:29:56.000000  9/17/2015   37 40 39.16038  126 41 00.28902       34.840        0.490        0.484     0.000     0.000     0.000 52     0.00000    0.00000    0.00000
 8:29:57.000000  9/17/2015   37 40 39.69105  126 40 59.70558       34.846        0.480        0.477     0.000     0.000     0.000 52     0.00000    0.00000    0.00000
 8:29:58.000000  9/17/2015   37 40 40.22064  126 40 59.12455       34.857        0.479        0.475     0.000     0.000     0.000 52     0.00000    0.00000    0.00000
 8:29:59.000000  9/17/2015   37 40 40.74809  126 40 58.54484       34.866        0.477        0.473     0.000     0.000     0.000 52     0.00000    0.00000    0.00000
 8:30:00.000000  9/17/2015   37 40 41.27446  126 40 57.96723       34.939        0.478        0.472     0.000     0.000     0.000 52     0.00000    0.00000    0.00000
 8:30:01.000000  9/17/2015   37 40 41.79903  126 40 57.38822       35.050        0.477        0.470     0.000     0.000     0.000 52     0.00000    0.00000    0.00000
 8:30:02.000000  9/17/2015   37 40 42.32543  126 40 56.81020       35.145        0.474        0.468     0.000     0.000     0.000 52     0.00000    0.00000    0.00000
 8:30:03.000000  9/17/2015   37 40 42.85295  126 40 56.23532       35.156        0.473        0.467     0.000     0.000     0.000 52     0.00000    0.00000    0.00000
 8:30:04.000000  9/17/2015   37 40 43.37425  126 40 55.66652       35.204        0.472        0.465     0.000     0.000     0.000 52     0.00000    0.00000    0.00000
 8:30:05.000000  9/17/2015   37 40 43.90085  126 40 55.10007       35.184        0.470        0.465     0.000     0.000     0.000 52     0.00000    0.00000    0.00000
 8:30:06.000000  9/17/2015   37 40 44.44174  126 40 54.52958       35.196        0.492        0.475     0.000     0.000     0.000 52     0.00000    0.00000    0.00000
 8:30:07.000000  9/17/2015   37 40 45.00490  126 40 53.95841       35.142        0.512        0.485     0.000     0.000     0.000 52     0.00000    0.00000    0.00000
 8:30:08.000000  9/17/2015   37 40 45.59039  126 40 53.39114       35.074        0.473        0.466     0.000     0.000     0.000 52     0.00000    0.00000    0.00000
 8:30:09.000000  9/17/2015   37 40 46.20154  126 40 52.84041       35.077        0.482        0.469     0.000     0.000     0.000 52     0.00000    0.00000    0.00000
 8:30:10.000000  9/17/2015   37 40 46.84661  126 40 52.32009       35.033        0.494        0.474     0.000     0.000     0.000 52     0.00000    0.00000    0.00000
 8:30:11.000000  9/17/2015   37 40 47.52020  126 40 51.82583       34.976        0.510        0.480     0.000     0.000     0.000 52     0.00000    0.00000    0.00000
 8:30:12.000000  9/17/2015   37 40 48.20478  126 40 51.34046       34.980        0.530        0.487     0.000     0.000     0.000 53     0.00000    0.00000    0.00000
 8:30:13.000000  9/17/2015   37 40 48.89911  126 40 50.86127       35.013        0.553        0.494     0.000     0.000     0.000 53     0.00000    0.00000    0.00000
 8:30:14.000000  9/17/2015   37 40 49.60005  126 40 50.39177       35.059        0.576        0.502     0.000     0.000     0.000 53     0.00000    0.00000    0.00000
 8:30:15.000000  9/17/2015   37 40 50.30732  126 40 49.94277       35.085        0.589        0.509     0.000     0.000     0.000 53     0.00000    0.00000    0.00000
 8:30:16.000000  9/17/2015   37 40 51.01460  126 40 49.52201       35.087        0.598        0.516     0.000     0.000     0.000 53     0.00000    0.00000    0.00000
 8:30:17.000000  9/17/2015   37 40 51.73055  126 40 49.13162       35.102        0.611        0.524     0.000     0.000     0.000 53     0.00000    0.00000    0.00000
 8:30:18.000000  9/17/2015   37 40 52.45141  126 40 48.76850       35.057        0.618        0.531     0.000     0.000     0.000 53     0.00000    0.00000    0.00000
 8:30:19.000000  9/17/2015   37 40 53.17242  126 40 48.42847       35.052        0.621        0.537     0.000     0.000     0.000 53     0.00000    0.00000    0.00000
 8:30:20.000000  9/17/2015   37 40 53.89646  126 40 48.11191       35.035        0.632        0.546     0.000     0.000     0.000 53     0.00000    0.00000    0.00000
 8:30:21.000000  9/17/2015   37 40 54.62351  126 40 47.82151       34.921        0.642        0.554     0.000     0.000     0.000 53     0.00000    0.00000    0.00000
 8:30:22.000000  9/17/2015   37 40 55.35454  126 40 47.54558       34.975        0.643        0.561     0.000     0.000     0.000 53     0.00000    0.00000    0.00000
 8:30:23.000000  9/17/2015   37 40 56.08417  126 40 47.28004       35.019        0.650        0.569     0.000     0.000     0.000 52     0.00000    0.00000    0.00000
 8:30:24.000000  9/17/2015   37 40 56.81434  126 40 47.02838       34.987        0.664        0.576     0.000     0.000     0.000 52     0.00000    0.00000    0.00000
 8:30:25.000000  9/17/2015   37 40 57.54606  126 40 46.81126       35.041        0.648        0.570     0.000     0.000     0.000 52     0.00000    0.00000    0.00000
 8:30:26.000000  9/17/2015   37 40 58.28666  126 40 46.64065       35.000        0.611        0.548     0.000     0.000     0.000 52     0.00000    0.00000    0.00000
 8:30:27.000000  9/17/2015   37 40 59.03459  126 40 46.50726       34.937        0.581        0.528     0.000     0.000     0.000 52     0.00000    0.00000    0.00000
 8:30:28.000000  9/17/2015   37 40 59.77628  126 40 46.40232       34.848        0.549        0.506     0.000     0.000     0.000 52     0.00000    0.00000    0.00000
 8:30:29.000000  9/17/2015   37 41 00.51447  126 40 46.32130       34.846        0.525        0.490     0.000     0.000     0.000 52     0.00000    0.00000    0.00000
 8:30:30.000000  9/17/2015   37 41 01.24388  126 40 46.26954       34.799        0.508        0.479     0.000     0.000     0.000 52     0.00000    0.00000    0.00000
 8:30:31.000000  9/17/2015   37 41 01.96168  126 40 46.23884       34.764        0.492        0.468     0.000     0.000     0.000 52     0.00000    0.00000    0.00000
 8:30:32.000000  9/17/2015   37 41 02.66783  126 40 46.22469       34.776        0.479        0.459     0.000     0.000     0.000 52     0.00000    0.00000    0.00000
 8:30:33.000000  9/17/2015   37 41 03.36106  126 40 46.23352       34.777        0.469        0.455     0.000     0.000     0.000 52     0.00000    0.00000    0.00000
 8:30:34.000000  9/17/2015   37 41 04.02877  126 40 46.26255       34.745        0.459        0.447     0.000     0.000     0.000 52     0.00000    0.00000    0.00000
 8:30:35.000000  9/17/2015   37 41 04.67146  126 40 46.30984       34.721        0.531        0.484     0.000     0.000     0.000 52     0.00000    0.00000    0.00000
 8:30:36.000000  9/17/2015   37 41 05.30301  126 40 46.37739       34.663        0.526        0.482     0.000     0.000     0.000 52     0.00000    0.00000    0.00000
 8:30:37.000000  9/17/2015   37 41 05.93330  126 40 46.46208       34.602        0.442        0.435     0.000     0.000     0.000 52     0.00000    0.00000    0.00000
 8:30:38.000000  9/17/2015   37 41 06.56295  126 40 46.56507       34.606        0.438        0.430     0.000     0.000     0.000 52     0.00000    0.00000    0.00000
 8:30:39.000000  9/17/2015   37 41 07.19442  126 40 46.68648       34.667        0.440        0.429     0.000     0.000     0.000 52     0.00000    0.00000    0.00000
 8:30:40.000000  9/17/2015   37 41 07.82530  126 40 46.82258       34.651        0.441        0.427     0.000     0.000     0.000 52     0.00000    0.00000    0.00000
 8:30:41.000000  9/17/2015   37 41 08.45972  126 40 46.97631       34.647        0.442        0.425     0.000     0.000     0.000 52     0.00000    0.00000    0.00000
 8:30:42.000000  9/17/2015   37 41 09.09809  126 40 47.14898       34.664        0.447        0.424     0.000     0.000     0.000 52     0.00000    0.00000    0.00000
 8:30:43.000000  9/17/2015   37 41 09.74444  126 40 47.34265       34.687        0.453        0.424     0.000     0.000     0.000 52     0.00000    0.00000    0.00000
 8:30:44.000000  9/17/2015   37 41 10.39949  126 40 47.55979       34.790        0.458        0.423     0.000     0.000     0.000 52     0.00000    0.00000    0.00000
 8:30:45.000000  9/17/2015   37 41 11.07033  126 40 47.80063       34.909        0.468        0.424     0.000     0.000     0.000 52     0.00000    0.00000    0.00000
 8:30:46.000000  9/17/2015   37 41 11.75571  126 40 48.05431       35.004        0.480        0.426     0.000     0.000     0.000 52     0.00000    0.00000    0.00000
 8:30:47.000000  9/17/2015   37 41 12.46176  126 40 48.30847       35.117        0.494        0.428     0.000     0.000     0.000 52     0.00000    0.00000    0.00000
 8:30:48.000000  9/17/2015   37 41 13.18649  126 40 48.56126       35.201        0.514        0.431     0.000     0.000     0.000 52     0.00000    0.00000    0.00000
 8:30:49.000000  9/17/2015   37 41 13.92758  126 40 48.83267       35.261        0.539        0.436     0.000     0.000     0.000 52     0.00000    0.00000    0.00000
 8:30:50.000000  9/17/2015   37 41 14.68278  126 40 49.12301       35.349        0.568        0.441     0.000     0.000     0.000 52     0.00000    0.00000    0.00000
 8:30:51.000000  9/17/2015   37 41 15.44510  126 40 49.44227       35.414        0.597        0.445     0.000     0.000     0.000 52     0.00000    0.00000    0.00000
 8:30:52.000000  9/17/2015   37 41 16.21274  126 40 49.78233       35.518        0.620        0.449     0.000     0.000     0.000 52     0.00000    0.00000    0.00000
 8:30:53.000000  9/17/2015   37 41 16.98507  126 40 50.13310       35.587        0.620        0.451     0.000     0.000     0.000 52     0.00000    0.00000    0.00000
 8:30:54.000000  9/17/2015   37 41 17.76413  126 40 50.49044       35.653        0.582        0.448     0.000     0.000     0.000 52     0.00000    0.00000    0.00000
 8:30:55.000000  9/17/2015   37 41 18.54875  126 40 50.85000       35.707        0.563        0.448     0.000     0.000     0.000 52     0.00000    0.00000    0.00000
 8:30:56.000000  9/17/2015   37 41 19.33688  126 40 51.20458       35.782        0.539        0.445     0.000     0.000     0.000 52     0.00000    0.00000    0.00000
 8:30:57.000000  9/17/2015   37 41 20.12350  126 40 51.55639       35.822        0.517        0.441     0.000     0.000     0.000 52     0.00000    0.00000    0.00000
 8:30:58.000000  9/17/2015   37 41 20.91145  126 40 51.90628       35.821        0.506        0.442     0.000     0.000     0.000 52     0.00000    0.00000    0.00000
 8:30:59.000000  9/17/2015   37 41 21.70527  126 40 52.25154       35.758        0.494        0.438     0.000     0.000     0.000 52     0.00000    0.00000    0.00000
 8:31:00.000000  9/17/2015   37 41 22.50115  126 40 52.59038       35.702        0.481        0.434     0.000     0.000     0.000 52     0.00000    0.00000    0.00000
 8:31:01.000000  9/17/2015   37 41 23.29529  126 40 52.91405       35.597        0.473        0.433     0.000     0.000     0.000 52     0.00000    0.00000    0.00000
 8:31:02.000000  9/17/2015   37 41 24.08145  126 40 53.22229       35.519        0.467        0.430     0.000     0.000     0.000 52     0.00000    0.00000    0.00000
 8:31:03.000000  9/17/2015   37 41 24.87177  126 40 53.52428       35.406        0.457        0.425     0.000     0.000     0.000 52     0.00000    0.00000    0.00000
 8:31:04.000000  9/17/2015   37 41 25.66040  126 40 53.82086       35.288        0.450        0.423     0.000     0.000     0.000 52     0.00000    0.00000    0.00000
 8:31:05.000000  9/17/2015   37 41 26.44928  126 40 54.10847       35.195        0.447        0.421     0.000     0.000     0.000 52     0.00000    0.00000    0.00000
 8:31:06.000000  9/17/2015   37 41 27.24211  126 40 54.38931       35.113        0.522        0.462     0.000     0.000     0.000 52     0.00000    0.00000    0.00000
 8:31:07.000000  9/17/2015   37 41 28.04260  126 40 54.66402       35.080        0.518        0.459     0.000     0.000     0.000 53     0.00000    0.00000    0.00000
 8:31:08.000000  9/17/2015   37 41 28.85736  126 40 54.92990       35.091        0.520        0.463     0.000     0.000     0.000 53     0.00000    0.00000    0.00000
 8:31:09.000000  9/17/2015   37 41 29.67979  126 40 55.18539       35.158        0.526        0.466     0.000     0.000     0.000 52     0.00000    0.00000    0.00000
 8:31:10.000000  9/17/2015   37 41 30.50536  126 40 55.42858       35.197        0.523        0.463     0.000     0.000     0.000 52     0.00000    0.00000    0.00000
 8:31:11.000000  9/17/2015   37 41 31.33079  126 40 55.66554       35.347        0.483        0.439     0.000     0.000     0.000 52     0.00000    0.00000    0.00000
 8:31:12.000000  9/17/2015   37 41 32.15671  126 40 55.89617       35.514        0.501        0.445     0.000     0.000     0.000 52     0.00000    0.00000    0.00000
 8:31:13.000000  9/17/2015   37 41 32.98252  126 40 56.12089       35.815        0.519        0.450     0.000     0.000     0.000 52     0.00000    0.00000    0.00000
 8:31:14.000000  9/17/2015   37 41 33.80004  126 40 56.34001       35.994        0.539        0.456     0.000     0.000     0.000 52     0.00000    0.00000    0.00000
 8:31:15.000000  9/17/2015   37 41 34.61990  126 40 56.53971       36.266        0.559        0.460     0.000     0.000     0.000 52     0.00000    0.00000    0.00000
 8:31:16.000000  9/17/2015   37 41 35.43834  126 40 56.72991       36.535        0.543        0.457     0.000     0.000     0.000 52     0.00000    0.00000    0.00000
 8:31:17.000000  9/17/2015   37 41 36.24997  126 40 56.91349       36.764        0.551        0.461     0.000     0.000     0.000 52     0.00000    0.00000    0.00000
 8:31:18.000000  9/17/2015   37 41 37.05448  126 40 57.08899       36.998        0.564        0.464     0.000     0.000     0.000 52     0.00000    0.00000    0.00000
 8:31:19.000000  9/17/2015   37 41 37.85369  126 40 57.25401       37.225        0.550        0.462     0.000     0.000     0.000 52     0.00000    0.00000    0.00000
 8:31:20.000000  9/17/2015   37 41 38.65396  126 40 57.41397       37.467        0.538        0.463     0.000     0.000     0.000 52     0.00000    0.00000    0.00000
 8:31:21.000000  9/17/2015   37 41 39.46704  126 40 57.56324       37.614        0.517        0.457     0.000     0.000     0.000 52     0.00000    0.00000    0.00000
 8:31:22.000000  9/17/2015   37 41 40.29320  126 40 57.70509       37.842        0.500        0.450     0.000     0.000     0.000 52     0.00000    0.00000    0.00000
 8:31:23.000000  9/17/2015   37 41 41.13426  126 40 57.84138       37.885        0.495        0.450     0.000     0.000     0.000 52     0.00000    0.00000    0.00000
 8:31:24.000000  9/17/2015   37 41 41.98409  126 40 57.97134       37.994        0.482        0.444     0.000     0.000     0.000 52     0.00000    0.00000    0.00000
 8:31:25.000000  9/17/2015   37 41 42.83970  126 40 58.09415       38.020        0.471        0.437     0.000     0.000     0.000 52     0.00000    0.00000    0.00000
 8:31:26.000000  9/17/2015   37 41 43.70591  126 40 58.20503       38.072        0.469        0.435     0.000     0.000     0.000 52     0.00000    0.00000    0.00000
 8:31:27.000000  9/17/2015   37 41 44.58227  126 40 58.30453       38.033        0.465        0.436     0.000     0.000     0.000 52     0.00000    0.00000    0.00000
 8:31:28.000000  9/17/2015   37 41 45.46484  126 40 58.39571       37.973        0.459        0.435     0.000     0.000     0.000 52     0.00000    0.00000    0.00000
 8:31:29.000000  9/17/2015   37 41 46.34540  126 40 58.47588       37.854        0.457        0.431     0.000     0.000     0.000 52     0.00000    0.00000    0.00000
 8:31:30.000000  9/17/2015   37 41 47.21511  126 40 58.54362       37.693        0.449        0.427     0.000     0.000     0.000 52     0.00000    0.00000    0.00000
 8:31:31.000000  9/17/2015   37 41 48.07975  126 40 58.60087       37.510        0.441        0.422     0.000     0.000     0.000 52     0.00000    0.00000    0.00000
 8:31:32.000000  9/17/2015   37 41 48.94637  126 40 58.64864       37.211        0.439        0.419     0.000     0.000     0.000 52     0.00000    0.00000    0.00000
 8:31:33.000000  9/17/2015   37 41 49.80807  126 40 58.68770       36.962        0.433        0.416     0.000     0.000     0.000 52     0.00000    0.00000    0.00000
 8:31:34.000000  9/17/2015   37 41 50.66077  126 40 58.71809       36.582        0.428        0.412     0.000     0.000     0.000 52     0.00000    0.00000    0.00000
 8:31:35.000000  9/17/2015   37 41 51.50913  126 40 58.74036       36.351        0.426        0.410     0.000     0.000     0.000 52     0.00000    0.00000    0.00000
 8:31:36.000000  9/17/2015   37 41 52.35607  126 40 58.74802       36.035        0.424        0.410     0.000     0.000     0.000 52     0.00000    0.00000    0.00000
 8:31:37.000000  9/17/2015   37 41 53.20556  126 40 58.75295       35.678        0.423        0.409     0.000     0.000     0.000 52     0.00000    0.00000    0.00000
 8:31:38.000000  9/17/2015   37 41 54.05556  126 40 58.77173       35.395        0.430        0.414     0.000     0.000     0.000 52     0.00000    0.00000    0.00000
 8:31:39.000000  9/17/2015   37 41 54.89699  126 40 58.79990       35.092        0.442        0.420     0.000     0.000     0.000 52     0.00000    0.00000    0.00000
 8:31:40.000000  9/17/2015   37 41 55.73115  126 40 58.82984       34.810        0.459        0.427     0.000     0.000     0.000 52     0.00000    0.00000    0.00000
 8:31:41.000000  9/17/2015   37 41 56.55567  126 40 58.84663       34.592        0.473        0.433     0.000     0.000     0.000 52     0.00000    0.00000    0.00000
 8:31:42.000000  9/17/2015   37 41 57.37277  126 40 58.84627       34.444        0.482        0.440     0.000     0.000     0.000 52     0.00000    0.00000    0.00000
 8:31:43.000000  9/17/2015   37 41 58.18387  126 40 58.84185       34.335        0.486        0.445     0.000     0.000     0.000 52     0.00000    0.00000    0.00000
 8:31:44.000000  9/17/2015   37 41 58.98700  126 40 58.83501       34.309        0.485        0.449     0.000     0.000     0.000 52     0.00000    0.00000    0.00000
 8:31:45.000000  9/17/2015   37 41 59.78341  126 40 58.82467       34.346        0.489        0.455     0.000     0.000     0.000 52     0.00000    0.00000    0.00000
 8:31:46.000000  9/17/2015   37 42 00.57284  126 40 58.81080       34.315        0.485        0.457     0.000     0.000     0.000 52     0.00000    0.00000    0.00000
 8:31:47.000000  9/17/2015   37 42 01.35706  126 40 58.79816       34.339        0.480        0.459     0.000     0.000     0.000 52     0.00000    0.00000    0.00000
 8:31:48.000000  9/17/2015   37 42 02.13498  126 40 58.78894       34.344        0.508        0.476     0.000     0.000     0.000 52     0.00000    0.00000    0.00000
 8:31:49.000000  9/17/2015   37 42 02.90770  126 40 58.77914       34.371        0.502        0.477     0.000     0.000     0.000 52     0.00000    0.00000    0.00000
 8:31:50.000000  9/17/2015   37 42 03.67746  126 40 58.76850       34.332        0.477        0.467     0.000     0.000     0.000 52     0.00000    0.00000    0.00000
 8:31:51.000000  9/17/2015   37 42 04.44993  126 40 58.76112       34.307        0.487        0.475     0.000     0.000     0.000 52     0.00000    0.00000    0.00000
 8:31:52.000000  9/17/2015   37 42 05.22808  126 40 58.75184       34.312        0.488        0.481     0.000     0.000     0.000 52     0.00000    0.00000    0.00000
 8:31:53.000000  9/17/2015   37 42 06.00986  126 40 58.74008       34.303        0.490        0.487     0.000     0.000     0.000 52     0.00000    0.00000    0.00000
 8:31:54.000000  9/17/2015   37 42 06.79240  126 40 58.72700       34.300        0.499        0.496     0.000     0.000     0.000 52     0.00000    0.00000    0.00000
 8:31:55.000000  9/17/2015   37 42 07.57076  126 40 58.71175       34.271        0.496        0.497     0.000     0.000     0.000 52     0.00000    0.00000    0.00000
 8:31:56.000000  9/17/2015   37 42 08.34692  126 40 58.69858       34.252        0.530        0.514     0.000     0.000     0.000 52     0.00000    0.00000    0.00000
 8:31:57.000000  9/17/2015   37 42 09.12246  126 40 58.68836       34.221        0.485        0.484     0.000     0.000     0.000 52     0.00000    0.00000    0.00000
 8:31:58.000000  9/17/2015   37 42 09.89745  126 40 58.67795       34.218        0.501        0.488     0.000     0.000     0.000 52     0.00000    0.00000    0.00000
 8:31:59.000000  9/17/2015   37 42 10.67390  126 40 58.66952       34.196        0.477        0.476     0.000     0.000     0.000 52     0.00000    0.00000    0.00000
 8:32:00.000000  9/17/2015   37 42 11.45385  126 40 58.66125       34.203        0.515        0.493     0.000     0.000     0.000 52     0.00000    0.00000    0.00000
 8:32:01.000000  9/17/2015   37 42 12.23460  126 40 58.65426       34.188        0.514        0.490     0.000     0.000     0.000 52     0.00000    0.00000    0.00000
 8:32:02.000000  9/17/2015   37 42 13.01635  126 40 58.64349       34.189        0.473        0.468     0.000     0.000     0.000 52     0.00000    0.00000    0.00000
 8:32:03.000000  9/17/2015   37 42 13.80205  126 40 58.63123       34.214        0.514        0.488     0.000     0.000     0.000 52     0.00000    0.00000    0.00000
 8:32:04.000000  9/17/2015   37 42 14.59138  126 40 58.62047       34.208        0.497        0.478     0.000     0.000     0.000 52     0.00000    0.00000    0.00000
 8:32:05.000000  9/17/2015   37 42 15.38347  126 40 58.61027       34.196        0.477        0.467     0.000     0.000     0.000 52     0.00000    0.00000    0.00000
 8:32:06.000000  9/17/2015   37 42 16.17897  126 40 58.59984       34.197        0.520        0.489     0.000     0.000     0.000 52     0.00000    0.00000    0.00000
 8:32:07.000000  9/17/2015   37 42 16.97868  126 40 58.59003       34.184        0.483        0.470     0.000     0.000     0.000 52     0.00000    0.00000    0.00000
 8:32:08.000000  9/17/2015   37 42 17.78169  126 40 58.58273       34.192        0.558        0.510     0.000     0.000     0.000 52     0.00000    0.00000    0.00000
 8:32:09.000000  9/17/2015   37 42 18.58718  126 40 58.57864       34.199        0.521        0.492     0.000     0.000     0.000 52     0.00000    0.00000    0.00000
 8:32:10.000000  9/17/2015   37 42 19.39426  126 40 58.57012       34.201        0.488        0.474     0.000     0.000     0.000 52     0.00000    0.00000    0.00000
 8:32:11.000000  9/17/2015   37 42 20.20229  126 40 58.56524       34.204        0.547        0.506     0.000     0.000     0.000 52     0.00000    0.00000    0.00000
 8:32:12.000000  9/17/2015   37 42 21.01142  126 40 58.56802       34.193        0.494        0.479     0.000     0.000     0.000 52     0.00000    0.00000    0.00000
 8:32:13.000000  9/17/2015   37 42 21.82203  126 40 58.58140       34.214        0.505        0.484     0.000     0.000     0.000 52     0.00000    0.00000    0.00000
 8:32:14.000000  9/17/2015   37 42 22.63551  126 40 58.60454       34.227        0.514        0.488     0.000     0.000     0.000 52     0.00000    0.00000    0.00000
 8:32:15.000000  9/17/2015   37 42 23.45105  126 40 58.63608       34.225        0.548        0.504     0.000     0.000     0.000 52     0.00000    0.00000    0.00000
 8:32:16.000000  9/17/2015   37 42 24.26887  126 40 58.67966       34.218        0.600        0.530     0.000     0.000     0.000 52     0.00000    0.00000    0.00000
 8:32:17.000000  9/17/2015   37 42 25.08590  126 40 58.73838       34.220        0.621        0.536     0.000     0.000     0.000 52     0.00000    0.00000    0.00000
 8:32:18.000000  9/17/2015   37 42 25.90064  126 40 58.80598       34.211        0.608        0.524     0.000     0.000     0.000 52     0.00000    0.00000    0.00000
 8:32:19.000000  9/17/2015   37 42 26.71487  126 40 58.88106       34.207        0.605        0.520     0.000     0.000     0.000 52     0.00000    0.00000    0.00000
 8:32:20.000000  9/17/2015   37 42 27.52851  126 40 58.96247       34.217        0.611        0.524     0.000     0.000     0.000 52     0.00000    0.00000    0.00000
 8:32:21.000000  9/17/2015   37 42 28.33966  126 40 59.05147       34.214        0.641        0.546     0.000     0.000     0.000 52     0.00000    0.00000    0.00000
 8:32:22.000000  9/17/2015   37 42 29.14999  126 40 59.15094       34.228        0.606        0.530     0.000     0.000     0.000 52     0.00000    0.00000    0.00000
 8:32:23.000000  9/17/2015   37 42 29.96050  126 40 59.26102       34.250        0.601        0.531     0.000     0.000     0.000 52     0.00000    0.00000    0.00000
 8:32:24.000000  9/17/2015   37 42 30.77002  126 40 59.38053       34.247        0.623        0.549     0.000     0.000     0.000 52     0.00000    0.00000    0.00000
 8:32:25.000000  9/17/2015   37 42 31.57821  126 40 59.50642       34.236        0.615        0.549     0.000     0.000     0.000 52     0.00000    0.00000    0.00000
 8:32:26.000000  9/17/2015   37 42 32.38827  126 40 59.64286       34.222        0.580        0.531     0.000     0.000     0.000 52     0.00000    0.00000    0.00000
 8:32:27.000000  9/17/2015   37 42 33.19793  126 40 59.79053       34.240        0.586        0.538     0.000     0.000     0.000 52     0.00000    0.00000    0.00000
 8:32:28.000000  9/17/2015   37 42 34.00520  126 40 59.95017       34.248        0.579        0.537     0.000     0.000     0.000 52     0.00000    0.00000    0.00000
 8:32:29.000000  9/17/2015   37 42 34.81123  126 41 00.11742       34.216        0.566        0.530     0.000     0.000     0.000 52     0.00000    0.00000    0.00000
 8:32:30.000000  9/17/2015   37 42 35.61494  126 41 00.29302       34.216        0.624        0.563     0.000     0.000     0.000 52     0.00000    0.00000    0.00000
 8:32:31.000000  9/17/2015   37 42 36.41571  126 41 00.47715       34.201        0.549        0.527     0.000     0.000     0.000 52     0.00000    0.00000    0.00000
 8:32:32.000000  9/17/2015   37 42 37.21398  126 41 00.67107       34.241        0.574        0.540     0.000     0.000     0.000 52     0.00000    0.00000    0.00000
 8:32:33.000000  9/17/2015   37 42 38.00994  126 41 00.87423       34.230        0.548        0.526     0.000     0.000     0.000 52     0.00000    0.00000    0.00000
 8:32:34.000000  9/17/2015   37 42 38.80337  126 41 01.08797       34.230        0.578        0.548     0.000     0.000     0.000 52     0.00000    0.00000    0.00000
 8:32:35.000000  9/17/2015   37 42 39.59734  126 41 01.31144       34.183        0.550        0.532     0.000     0.000     0.000 52     0.00000    0.00000    0.00000
 8:32:36.000000  9/17/2015   37 42 40.39166  126 41 01.54432       34.167        0.542        0.527     0.000     0.000     0.000 52     0.00000    0.00000    0.00000
 8:32:37.000000  9/17/2015   37 42 41.18125  126 41 01.78246       34.151        0.591        0.559     0.000     0.000     0.000 52     0.00000    0.00000    0.00000
 8:32:38.000000  9/17/2015   37 42 41.96311  126 41 02.02842       34.124        0.541        0.532     0.000     0.000     0.000 52     0.00000    0.00000    0.00000
 8:32:39.000000  9/17/2015   37 42 42.74289  126 41 02.28561       34.120        0.589        0.556     0.000     0.000     0.000 52     0.00000    0.00000    0.00000
 8:32:40.000000  9/17/2015   37 42 43.51173  126 41 02.54992       34.083        0.523        0.525     0.000     0.000     0.000 52     0.00000    0.00000    0.00000
 8:32:41.000000  9/17/2015   37 42 44.27141  126 41 02.82289       34.081        0.547        0.530     0.000     0.000     0.000 52     0.00000    0.00000    0.00000
 8:32:42.000000  9/17/2015   37 42 45.02296  126 41 03.09945       34.066        0.499        0.501     0.000     0.000     0.000 52     0.00000    0.00000    0.00000
 8:32:43.000000  9/17/2015   37 42 45.76597  126 41 03.37722       34.048        0.528        0.514     0.000     0.000     0.000 52     0.00000    0.00000    0.00000
 8:32:44.000000  9/17/2015   37 42 46.49578  126 41 03.65698       34.015        0.500        0.496     0.000     0.000     0.000 52     0.00000    0.00000    0.00000
 8:32:45.000000  9/17/2015   37 42 47.21956  126 41 03.93704       33.983        0.493        0.489     0.000     0.000     0.000 52     0.00000    0.00000    0.00000
 8:32:46.000000  9/17/2015   37 42 47.93821  126 41 04.21580       33.999        0.465        0.473     0.000     0.000     0.000 52     0.00000    0.00000    0.00000
 8:32:47.000000  9/17/2015   37 42 48.65611  126 41 04.49712       34.005        0.458        0.467     0.000     0.000     0.000 52     0.00000    0.00000    0.00000
 8:32:48.000000  9/17/2015   37 42 49.37653  126 41 04.77946       34.008        0.453        0.462     0.000     0.000     0.000 52     0.00000    0.00000    0.00000
 8:32:49.000000  9/17/2015   37 42 50.09999  126 41 05.06174       33.989        0.448        0.458     0.000     0.000     0.000 52     0.00000    0.00000    0.00000
 8:32:50.000000  9/17/2015   37 42 50.82401  126 41 05.34357       33.960        0.486        0.476     0.000     0.000     0.000 52     0.00000    0.00000    0.00000
 8:32:51.000000  9/17/2015   37 42 51.54661  126 41 05.62503       33.987        0.440        0.451     0.000     0.000     0.000 52     0.00000    0.00000    0.00000
 8:32:52.000000  9/17/2015   37 42 52.26835  126 41 05.90761       33.973        0.459        0.459     0.000     0.000     0.000 52     0.00000    0.00000    0.00000
 8:32:53.000000  9/17/2015   37 42 52.99078  126 41 06.18820       33.960        0.433        0.445     0.000     0.000     0.000 52     0.00000    0.00000    0.00000
 8:32:54.000000  9/17/2015   37 42 53.71230  126 41 06.46916       33.937        0.432        0.443     0.000     0.000     0.000 52     0.00000    0.00000    0.00000
 8:32:55.000000  9/17/2015   37 42 54.43295  126 41 06.74736       33.948        0.494        0.473     0.000     0.000     0.000 52     0.00000    0.00000    0.00000
 8:32:56.000000  9/17/2015   37 42 55.15097  126 41 07.02640       33.935        0.427        0.440     0.000     0.000     0.000 52     0.00000    0.00000    0.00000
 8:32:57.000000  9/17/2015   37 42 55.86361  126 41 07.30685       33.920        0.493        0.471     0.000     0.000     0.000 52     0.00000    0.00000    0.00000
 8:32:58.000000  9/17/2015   37 42 56.57202  126 41 07.58548       33.885        0.512        0.481     0.000     0.000     0.000 52     0.00000    0.00000    0.00000
 8:32:59.000000  9/17/2015   37 42 57.27627  126 41 07.86321       33.890        0.426        0.438     0.000     0.000     0.000 52     0.00000    0.00000    0.00000
 8:33:00.000000  9/17/2015   37 42 57.97931  126 41 08.13541       33.882        0.454        0.452     0.000     0.000     0.000 52     0.00000    0.00000    0.00000
 8:33:01.000000  9/17/2015   37 42 58.68336  126 41 08.40642       33.887        0.436        0.444     0.000     0.000     0.000 52     0.00000    0.00000    0.00000
 8:33:02.000000  9/17/2015   37 42 59.38610  126 41 08.67533       33.860        0.439        0.447     0.000     0.000     0.000 52     0.00000    0.00000    0.00000
 8:33:03.000000  9/17/2015   37 43 00.08873  126 41 08.94130       33.845        0.509        0.483     0.000     0.000     0.000 52     0.00000    0.00000    0.00000
 8:33:04.000000  9/17/2015   37 43 00.79181  126 41 09.20756       33.835        0.455        0.456     0.000     0.000     0.000 52     0.00000    0.00000    0.00000
 8:33:05.000000  9/17/2015   37 43 01.49455  126 41 09.47603       33.836        0.487        0.471     0.000     0.000     0.000 52     0.00000    0.00000    0.00000
 8:33:06.000000  9/17/2015   37 43 02.19907  126 41 09.74582       33.831        0.520        0.487     0.000     0.000     0.000 52     0.00000    0.00000    0.00000
 8:33:07.000000  9/17/2015   37 43 02.90470  126 41 10.01450       33.819        0.498        0.471     0.000     0.000     0.000 52     0.00000    0.00000    0.00000
 8:33:08.000000  9/17/2015   37 43 03.61085  126 41 10.28261       33.808        0.520        0.477     0.000     0.000     0.000 52     0.00000    0.00000    0.00000
 8:33:09.000000  9/17/2015   37 43 04.31669  126 41 10.54877       33.796        0.561        0.494     0.000     0.000     0.000 52     0.00000    0.00000    0.00000
 8:33:10.000000  9/17/2015   37 43 05.01828  126 41 10.81476       33.814        0.598        0.510     0.000     0.000     0.000 52     0.00000    0.00000    0.00000
 8:33:11.000000  9/17/2015   37 43 05.70761  126 41 11.07647       33.799        0.597        0.506     0.000     0.000     0.000 52     0.00000    0.00000    0.00000
 8:33:12.000000  9/17/2015   37 43 06.38646  126 41 11.33528       33.802        0.605        0.511     0.000     0.000     0.000 52     0.00000    0.00000    0.00000
 8:33:13.000000  9/17/2015   37 43 07.06052  126 41 11.59084       33.767        0.646        0.536     0.000     0.000     0.000 52     0.00000    0.00000    0.00000
 8:33:14.000000  9/17/2015   37 43 07.72951  126 41 11.84360       33.781        0.593        0.512     0.000     0.000     0.000 52     0.00000    0.00000    0.00000
 8:33:15.000000  9/17/2015   37 43 08.39103  126 41 12.09245       33.744        0.617        0.535     0.000     0.000     0.000 52     0.00000    0.00000    0.00000
 8:33:16.000000  9/17/2015   37 43 09.04924  126 41 12.34285       33.680        0.596        0.521     0.000     0.000     0.000 52     0.00000    0.00000    0.00000
 8:33:17.000000  9/17/2015   37 43 09.70355  126 41 12.59102       33.672        0.579        0.522     0.000     0.000     0.000 52     0.00000    0.00000    0.00000
 8:33:18.000000  9/17/2015   37 43 10.35389  126 41 12.83527       33.671        0.606        0.542     0.000     0.000     0.000 52     0.00000    0.00000    0.00000
 8:33:19.000000  9/17/2015   37 43 11.00550  126 41 13.08041       33.661        0.547        0.509     0.000     0.000     0.000 52     0.00000    0.00000    0.00000
 8:33:20.000000  9/17/2015   37 43 11.65723  126 41 13.32463       33.622        0.587        0.536     0.000     0.000     0.000 52     0.00000    0.00000    0.00000
 8:33:21.000000  9/17/2015   37 43 12.30841  126 41 13.57166       33.567        0.517        0.500     0.000     0.000     0.000 52     0.00000    0.00000    0.00000
 8:33:22.000000  9/17/2015   37 43 12.95901  126 41 13.82262       33.550        0.510        0.495     0.000     0.000     0.000 52     0.00000    0.00000    0.00000
 8:33:23.000000  9/17/2015   37 43 13.60779  126 41 14.07104       33.620        0.503        0.495     0.000     0.000     0.000 52     0.00000    0.00000    0.00000
 8:33:24.000000  9/17/2015   37 43 14.25055  126 41 14.31583       33.599        0.491        0.489     0.000     0.000     0.000 52     0.00000    0.00000    0.00000
 8:33:25.000000  9/17/2015   37 43 14.87977  126 41 14.55779       33.611        0.485        0.483     0.000     0.000     0.000 52     0.00000    0.00000    0.00000
 8:33:26.000000  9/17/2015   37 43 15.48159  126 41 14.79442       33.550        0.480        0.484     0.000     0.000     0.000 52     0.00000    0.00000    0.00000
 8:33:27.000000  9/17/2015   37 43 16.04947  126 41 15.02869       33.569        0.512        0.498     0.000     0.000     0.000 52     0.00000    0.00000    0.00000
 8:33:28.000000  9/17/2015   37 43 16.57909  126 41 15.25774       33.532        0.465        0.472     0.000     0.000     0.000 52     0.00000    0.00000    0.00000
 8:33:29.000000  9/17/2015   37 43 17.08309  126 41 15.48146       33.542        0.523        0.502     0.000     0.000     0.000 52     0.00000    0.00000    0.00000
 8:33:30.000000  9/17/2015   37 43 17.57820  126 41 15.70269       33.507        0.534        0.506     0.000     0.000     0.000 52     0.00000    0.00000    0.00000
 8:33:31.000000  9/17/2015   37 43 18.06174  126 41 15.91314       33.488        0.446        0.456     0.000     0.000     0.000 52     0.00000    0.00000    0.00000
 8:33:32.000000  9/17/2015   37 43 18.53096  126 41 16.11736       33.492        0.524        0.495     0.000     0.000     0.000 52     0.00000    0.00000    0.00000
 8:33:33.000000  9/17/2015   37 43 18.99268  126 41 16.31938       33.468        0.519        0.490     0.000     0.000     0.000 52     0.00000    0.00000    0.00000
 8:33:34.000000  9/17/2015   37 43 19.45173  126 41 16.52022       33.429        0.452        0.452     0.000     0.000     0.000 52     0.00000    0.00000    0.00000
 8:33:35.000000  9/17/2015   37 43 19.91232  126 41 16.71799       33.400        0.449        0.449     0.000     0.000     0.000 52     0.00000    0.00000    0.00000
 8:33:36.000000  9/17/2015   37 43 20.37576  126 41 16.91277       33.412        0.507        0.478     0.000     0.000     0.000 52     0.00000    0.00000    0.00000
 8:33:37.000000  9/17/2015   37 43 20.84357  126 41 17.10239       33.418        0.503        0.472     0.000     0.000     0.000 52     0.00000    0.00000    0.00000
 8:33:38.000000  9/17/2015   37 43 21.31865  126 41 17.29246       33.428        0.501        0.469     0.000     0.000     0.000 52     0.00000    0.00000    0.00000
 8:33:39.000000  9/17/2015   37 43 21.80097  126 41 17.48554       33.479        0.498        0.467     0.000     0.000     0.000 52     0.00000    0.00000    0.00000
 8:33:40.000000  9/17/2015   37 43 22.29112  126 41 17.67974       33.512        0.494        0.463     0.000     0.000     0.000 52     0.00000    0.00000    0.00000
 8:33:41.000000  9/17/2015   37 43 22.78627  126 41 17.88801       33.532        0.493        0.460     0.000     0.000     0.000 52     0.00000    0.00000    0.00000
 8:33:42.000000  9/17/2015   37 43 23.27985  126 41 18.11852       33.598        0.491        0.459     0.000     0.000     0.000 52     0.00000    0.00000    0.00000
 8:33:43.000000  9/17/2015   37 43 23.76821  126 41 18.38166       33.620        0.487        0.455     0.000     0.000     0.000 52     0.00000    0.00000    0.00000
 8:33:44.000000  9/17/2015   37 43 24.24659  126 41 18.67453       33.676        0.487        0.452     0.000     0.000     0.000 52     0.00000    0.00000    0.00000
 8:33:45.000000  9/17/2015   37 43 24.71126  126 41 19.00410       33.663        0.443        0.430     0.000     0.000     0.000 52     0.00000    0.00000    0.00000
 8:33:46.000000  9/17/2015   37 43 25.16431  126 41 19.37408       33.616        0.392        0.402     0.000     0.000     0.000 52     0.00000    0.00000    0.00000
 8:33:47.000000  9/17/2015   37 43 25.60565  126 41 19.78585       33.517        0.416        0.412     0.000     0.000     0.000 52     0.00000    0.00000    0.00000
 8:33:48.000000  9/17/2015   37 43 26.03392  126 41 20.23718       33.588        0.440        0.424     0.000     0.000     0.000 52     0.00000    0.00000    0.00000
